Time,GC Util,heapSize,numThreads,GCInterval,Container
0.0,66.0,100,100,100,02
0.0,66.0,100,100,100,02
179.0,0.0,100.0,100.0,100,02
179.0,0.0,100.0,100.0,100,02
575.0,71.0,101.56,100.0,100,02
575.0,71.0,101.56,100.0,100,02
744.0,14.0,103.12,100.0,100,02
744.0,14.0,103.12,100.0,100,02
3535.0,6.0,104.69,100.0,100,02
3535.0,6.0,104.69,100.0,100,02
6024.0,10.0,106.25,100.0,100,02
6024.0,10.0,106.25,100.0,100,02
7862.0,55.0,107.81,100.0,100,02
7862.0,55.0,107.81,100.0,100,02
8892.0,48.0,109.38,100.0,100,02
8892.0,48.0,109.38,100.0,100,02
10147.0,61.0,110.94,100.0,100,02
10147.0,61.0,110.94,100.0,100,02
11424.0,57.0,112.5,100.0,100,02
11424.0,57.0,112.5,100.0,100,02
12935.0,14.0,114.06,100.0,100,02
12935.0,14.0,114.06,100.0,100,02
14212.0,12.0,115.62,100.0,100,02
14212.0,12.0,115.62,100.0,100,02
15580.0,63.0,117.19,100.0,100,02
15580.0,63.0,117.19,100.0,100,02
16703.0,64.0,118.75,100.0,100,02
16703.0,64.0,118.75,100.0,100,02
17651.0,13.0,120.31,100.0,100,02
17651.0,13.0,120.31,100.0,100,02
18515.0,74.0,121.88,100.0,100,02
18515.0,74.0,121.88,100.0,100,02
19711.0,55.0,123.44,100.0,100,02
19711.0,55.0,123.44,100.0,100,02
19711.0,85.0,123.44,100.0,100,02
19711.0,85.0,123.44,100.0,100,02
20827.0,85.0,125.0,100.0,100,02
20827.0,85.0,125.0,100.0,100,02
20827.0,70.0,125.0,100.0,100,02
20827.0,70.0,125.0,100.0,100,02
22366.0,70.0,126.56,100.0,100,02
22366.0,70.0,126.56,100.0,100,02
23824.0,74.0,128.12,100.0,100,02
23824.0,74.0,128.12,100.0,100,02
25586.0,100.0,129.69,6.25,100,02
25586.0,100.0,129.69,6.25,100,02
27525.0,69.0,131.25,100.0,100,02
27525.0,69.0,131.25,100.0,100,02
29756.0,50.0,132.81,100.0,100,02
29756.0,50.0,132.81,100.0,100,02
31657.0,106.0,134.38,100.0,100,02
31657.0,106.0,134.38,100.0,100,02
33351.0,85.0,135.94,100.0,100,02
33351.0,85.0,135.94,100.0,100,02
34825.0,88.0,137.5,100.0,100,02
34825.0,88.0,137.5,100.0,100,02
36925.0,58.0,139.06,100.0,100,02
36925.0,58.0,139.06,100.0,100,02
39028.0,50.0,140.62,100.0,100,02
39028.0,50.0,140.62,100.0,100,02
41434.0,132.0,142.19,100.0,100,02
41434.0,132.0,142.19,100.0,100,02
43633.0,78.0,143.75,100.0,100,02
43633.0,78.0,143.75,100.0,100,02
46062.0,82.0,145.31,100.0,100,02
46062.0,82.0,145.31,100.0,100,02
48308.0,80.0,146.88,100.0,100,02
48308.0,80.0,146.88,100.0,100,02
50637.0,67.0,148.44,100.0,100,02
50637.0,67.0,148.44,100.0,100,02
53772.0,150.0,150.0,100.0,100,02
53772.0,150.0,150.0,100.0,100,02
57044.0,137.0,151.56,100.0,100,02
57044.0,137.0,151.56,100.0,100,02
59512.0,60.0,153.12,100.0,100,02
59512.0,60.0,153.12,100.0,100,02
62227.0,42.0,154.69,100.0,100,02
62227.0,42.0,154.69,100.0,100,02
64796.0,78.0,156.25,100.0,100,02
64796.0,78.0,156.25,100.0,100,02
67532.0,75.0,157.81,100.0,100,02
67532.0,75.0,157.81,100.0,100,02
69996.0,65.0,159.38,100.0,100,02
69996.0,65.0,159.38,100.0,100,02
72843.0,52.0,160.94,100.0,100,02
72843.0,52.0,160.94,100.0,100,02
75910.0,68.0,162.5,100.0,100,02
75910.0,68.0,162.5,100.0,100,02
79602.0,61.0,164.06,100.0,100,02
79602.0,61.0,164.06,100.0,100,02
82693.0,57.0,165.62,100.0,100,02
82693.0,57.0,165.62,100.0,100,02
85907.0,81.0,167.19,100.0,100,02
85907.0,81.0,167.19,100.0,100,02
88937.0,79.0,168.75,6.25,100,02
88937.0,79.0,168.75,6.25,100,02
91953.0,114.0,170.31,100.0,100,02
91953.0,114.0,170.31,100.0,100,02
94906.0,68.0,171.88,100.0,100,02
94906.0,68.0,171.88,100.0,100,02
98850.0,74.0,173.44,100.0,100,02
98850.0,74.0,173.44,100.0,100,02
101813.0,72.0,175.0,100.0,100,02
101813.0,72.0,175.0,100.0,100,02
105595.0,47.0,176.56,100.0,100,02
105595.0,47.0,176.56,100.0,100,02
108920.0,72.0,178.12,100.0,100,02
108920.0,72.0,178.12,100.0,100,02
112866.0,50.0,179.69,100.0,100,02
112866.0,50.0,179.69,100.0,100,02
116042.0,38.0,181.25,100.0,100,02
116042.0,38.0,181.25,100.0,100,02
120094.0,53.0,182.81,100.0,100,02
120094.0,53.0,182.81,100.0,100,02
123812.0,96.0,184.38,100.0,100,02
123812.0,96.0,184.38,100.0,100,02
123812.0,111.0,184.38,100.0,100,02
123812.0,111.0,184.38,100.0,100,02
126005.0,111.0,185.94,100.0,100,02
126005.0,111.0,185.94,100.0,100,02
126492.0,119.0,187.5,50.0,100,02
126492.0,119.0,187.5,50.0,100,02
127549.0,99.0,189.06,100.0,100,02
127549.0,99.0,189.06,100.0,100,02
128065.0,55.0,190.62,100.0,100,02
128065.0,55.0,190.62,100.0,100,02
128065.0,58.0,190.62,100.0,100,02
128065.0,58.0,190.62,100.0,100,02
128266.0,58.0,192.19,100.0,100,02
128266.0,58.0,192.19,100.0,100,02
128266.0,66.0,192.19,100.0,100,02
128266.0,66.0,192.19,100.0,100,02
128482.0,66.0,193.75,100.0,100,02
128482.0,66.0,193.75,100.0,100,02
128674.0,79.0,195.31,100.0,100,02
128674.0,79.0,195.31,100.0,100,02
128674.0,69.0,195.31,100.0,100,02
128674.0,69.0,195.31,100.0,100,02
128798.0,69.0,196.88,100.0,100,02
128798.0,69.0,196.88,100.0,100,02
128798.0,66.0,196.88,100.0,100,02
128798.0,66.0,196.88,100.0,100,02
129117.0,66.0,198.44,100.0,100,02
129117.0,66.0,198.44,100.0,100,02
129117.0,71.0,198.44,100.0,100,02
129117.0,71.0,198.44,100.0,100,02
129237.0,71.0,200.0,100.0,100,02
129237.0,71.0,200.0,100.0,100,02
129297.0,59.0,201.56,100.0,100,02
129297.0,59.0,201.56,100.0,100,02
129297.0,72.0,201.56,100.0,100,02
129297.0,72.0,201.56,100.0,100,02
129408.0,72.0,203.12,100.0,100,02
129408.0,72.0,203.12,100.0,100,02
129408.0,61.0,203.12,100.0,100,02
129408.0,61.0,203.12,100.0,100,02
129493.0,61.0,204.69,100.0,100,02
129493.0,61.0,204.69,100.0,100,02
129493.0,135.0,204.69,100.0,100,02
129493.0,135.0,204.69,100.0,100,02
129631.0,135.0,206.25,100.0,100,02
129631.0,135.0,206.25,100.0,100,02
129631.0,69.0,206.25,100.0,100,02
129631.0,69.0,206.25,100.0,100,02
129865.0,69.0,207.81,100.0,100,02
129865.0,69.0,207.81,100.0,100,02
129865.0,56.0,207.81,100.0,100,02
129865.0,56.0,207.81,100.0,100,02
130001.0,56.0,209.38,100.0,100,02
130001.0,56.0,209.38,100.0,100,02
130001.0,70.0,209.38,100.0,100,02
130001.0,70.0,209.38,100.0,100,02
130154.0,70.0,210.94,100.0,100,02
130154.0,70.0,210.94,100.0,100,02
130154.0,61.0,210.94,100.0,100,02
130154.0,61.0,210.94,100.0,100,02
130268.0,61.0,212.5,100.0,100,02
130268.0,61.0,212.5,100.0,100,02
130268.0,60.0,212.5,100.0,100,02
130268.0,60.0,212.5,100.0,100,02
130374.0,60.0,214.06,100.0,100,02
130374.0,60.0,214.06,100.0,100,02
130374.0,64.0,214.06,100.0,100,02
130374.0,64.0,214.06,100.0,100,02
130425.0,64.0,215.62,100.0,100,02
130425.0,64.0,215.62,100.0,100,02
130425.0,65.0,215.62,100.0,100,02
130425.0,65.0,215.62,100.0,100,02
130505.0,65.0,217.19,100.0,100,02
130505.0,65.0,217.19,100.0,100,02
130505.0,41.0,217.19,100.0,100,02
130505.0,41.0,217.19,100.0,100,02
130603.0,41.0,218.75,100.0,100,02
130603.0,41.0,218.75,100.0,100,02
130603.0,48.0,218.75,100.0,100,02
130603.0,48.0,218.75,100.0,100,02
130665.0,48.0,220.31,100.0,100,02
130665.0,48.0,220.31,100.0,100,02
130665.0,51.0,220.31,100.0,100,02
130665.0,51.0,220.31,100.0,100,02
130767.0,51.0,221.88,100.0,100,02
130767.0,51.0,221.88,100.0,100,02
130767.0,54.0,221.88,100.0,100,02
130767.0,54.0,221.88,100.0,100,02
130850.0,54.0,223.44,100.0,100,02
130850.0,54.0,223.44,100.0,100,02
130850.0,53.0,223.44,100.0,100,02
130850.0,53.0,223.44,100.0,100,02
130949.0,53.0,225.0,100.0,100,02
130949.0,53.0,225.0,100.0,100,02
130949.0,55.0,225.0,100.0,100,02
130949.0,55.0,225.0,100.0,100,02
131028.0,55.0,226.56,100.0,100,02
131028.0,55.0,226.56,100.0,100,02
131028.0,50.0,226.56,100.0,100,02
131028.0,50.0,226.56,100.0,100,02
131085.0,50.0,228.12,100.0,100,02
131085.0,50.0,228.12,100.0,100,02
131085.0,126.0,228.12,100.0,100,02
131085.0,126.0,228.12,100.0,100,02
131148.0,126.0,229.69,100.0,100,02
131148.0,126.0,229.69,100.0,100,02
131148.0,50.0,229.69,100.0,100,02
131148.0,50.0,229.69,100.0,100,02
131245.0,50.0,231.25,100.0,100,02
131245.0,50.0,231.25,100.0,100,02
131245.0,41.0,231.25,100.0,100,02
131245.0,41.0,231.25,100.0,100,02
131342.0,41.0,232.81,100.0,100,02
131342.0,41.0,232.81,100.0,100,02
131342.0,58.0,232.81,100.0,100,02
131342.0,58.0,232.81,100.0,100,02
131429.0,58.0,234.38,100.0,100,02
131429.0,58.0,234.38,100.0,100,02
131429.0,75.0,234.38,100.0,100,02
131429.0,75.0,234.38,100.0,100,02
131509.0,75.0,235.94,100.0,100,02
131509.0,75.0,235.94,100.0,100,02
131509.0,62.0,235.94,100.0,100,02
131509.0,62.0,235.94,100.0,100,02
131588.0,62.0,237.5,100.0,100,02
131588.0,62.0,237.5,100.0,100,02
131729.0,41.0,239.06,50.0,100,02
131729.0,41.0,239.06,50.0,100,02
131729.0,99.0,239.06,50.0,100,02
131729.0,99.0,239.06,50.0,100,02
132025.0,99.0,240.62,100.0,100,02
132025.0,99.0,240.62,100.0,100,02
132025.0,55.0,240.62,100.0,100,02
132025.0,55.0,240.62,100.0,100,02
132348.0,55.0,242.19,100.0,100,02
132348.0,55.0,242.19,100.0,100,02
132348.0,66.0,242.19,100.0,100,02
132348.0,66.0,242.19,100.0,100,02
132570.0,66.0,243.75,100.0,100,02
132570.0,66.0,243.75,100.0,100,02
132570.0,37.0,243.75,100.0,100,02
132570.0,37.0,243.75,100.0,100,02
132753.0,37.0,245.31,100.0,100,02
132753.0,37.0,245.31,100.0,100,02
132753.0,45.0,245.31,100.0,100,02
132753.0,45.0,245.31,100.0,100,02
133102.0,45.0,246.88,100.0,100,02
133102.0,45.0,246.88,100.0,100,02
133102.0,27.0,246.88,100.0,100,02
133102.0,27.0,246.88,100.0,100,02
133201.0,27.0,248.44,100.0,100,02
133201.0,27.0,248.44,100.0,100,02
133201.0,27.0,248.44,100.0,100,02
133201.0,27.0,248.44,100.0,100,02
133280.0,27.0,250.0,100.0,100,02
133280.0,27.0,250.0,100.0,100,02
133280.0,23.0,250.0,100.0,100,02
133280.0,23.0,250.0,100.0,100,02
133378.0,23.0,251.56,100.0,100,02
133378.0,23.0,251.56,100.0,100,02
133378.0,20.0,251.56,100.0,100,02
133378.0,20.0,251.56,100.0,100,02
133467.0,20.0,253.12,100.0,100,02
133467.0,20.0,253.12,100.0,100,02
133467.0,18.0,253.12,100.0,100,02
133467.0,18.0,253.12,100.0,100,02
133558.0,18.0,254.69,100.0,100,02
133558.0,18.0,254.69,100.0,100,02
133558.0,15.0,254.69,100.0,100,02
133558.0,15.0,254.69,100.0,100,02
133663.0,15.0,256.25,100.0,100,02
133663.0,15.0,256.25,100.0,100,02
133663.0,13.0,256.25,100.0,100,02
133663.0,13.0,256.25,100.0,100,02
133756.0,13.0,257.81,100.0,100,02
133756.0,13.0,257.81,100.0,100,02
133756.0,17.0,257.81,100.0,100,02
133756.0,17.0,257.81,100.0,100,02
133885.0,17.0,259.38,100.0,100,02
133885.0,17.0,259.38,100.0,100,02
133885.0,14.0,259.38,100.0,100,02
133885.0,14.0,259.38,100.0,100,02
134027.0,14.0,260.94,100.0,100,02
134027.0,14.0,260.94,100.0,100,02
134027.0,17.0,260.94,100.0,100,02
134027.0,17.0,260.94,100.0,100,02
134132.0,17.0,262.5,100.0,100,02
134132.0,17.0,262.5,100.0,100,02
134132.0,19.0,262.5,100.0,100,02
134132.0,19.0,262.5,100.0,100,02
134199.0,19.0,264.06,100.0,100,02
134199.0,19.0,264.06,100.0,100,02
134199.0,48.0,264.06,100.0,100,02
134199.0,48.0,264.06,100.0,100,02
134299.0,48.0,265.62,100.0,100,02
134299.0,48.0,265.62,100.0,100,02
134299.0,11.0,265.62,100.0,100,02
134299.0,11.0,265.62,100.0,100,02
134346.0,11.0,267.19,100.0,100,02
134346.0,11.0,267.19,100.0,100,02
134346.0,44.0,267.19,100.0,100,02
134346.0,44.0,267.19,100.0,100,02
134392.0,44.0,268.75,100.0,100,02
134392.0,44.0,268.75,100.0,100,02
134392.0,38.0,268.75,100.0,100,02
134392.0,38.0,268.75,100.0,100,02
134456.0,38.0,270.31,100.0,100,02
134456.0,38.0,270.31,100.0,100,02
134456.0,34.0,270.31,100.0,100,02
134456.0,34.0,270.31,100.0,100,02
134503.0,34.0,271.88,100.0,100,02
134503.0,34.0,271.88,100.0,100,02
134503.0,55.0,271.88,100.0,100,02
134503.0,55.0,271.88,100.0,100,02
134568.0,55.0,273.44,100.0,100,02
134568.0,55.0,273.44,100.0,100,02
134568.0,36.0,273.44,100.0,100,02
134568.0,36.0,273.44,100.0,100,02
134646.0,36.0,275.0,100.0,100,02
134646.0,36.0,275.0,100.0,100,02
134646.0,50.0,275.0,100.0,100,02
134646.0,50.0,275.0,100.0,100,02
134805.0,50.0,276.56,100.0,100,02
134805.0,50.0,276.56,100.0,100,02
134805.0,17.0,276.56,100.0,100,02
134805.0,17.0,276.56,100.0,100,02
134878.0,17.0,278.12,6.25,100,02
134878.0,17.0,278.12,6.25,100,02
134878.0,47.0,278.12,6.25,100,02
134878.0,47.0,278.12,6.25,100,02
134952.0,47.0,279.69,100.0,100,02
134952.0,47.0,279.69,100.0,100,02
134952.0,36.0,279.69,100.0,100,02
134952.0,36.0,279.69,100.0,100,02
135014.0,36.0,281.25,100.0,100,02
135014.0,36.0,281.25,100.0,100,02
135014.0,41.0,281.25,100.0,100,02
135014.0,41.0,281.25,100.0,100,02
135075.0,41.0,282.81,100.0,100,02
135075.0,41.0,282.81,100.0,100,02
135075.0,107.0,282.81,100.0,100,02
135075.0,107.0,282.81,100.0,100,02
135147.0,107.0,284.38,100.0,100,02
135147.0,107.0,284.38,100.0,100,02
135147.0,34.0,284.38,100.0,100,02
135147.0,34.0,284.38,100.0,100,02
135225.0,34.0,285.94,100.0,100,02
135225.0,34.0,285.94,100.0,100,02
135225.0,22.0,285.94,100.0,100,02
135225.0,22.0,285.94,100.0,100,02
135509.0,22.0,287.5,100.0,100,02
135509.0,22.0,287.5,100.0,100,02
135509.0,9.0,287.5,100.0,100,02
135509.0,9.0,287.5,100.0,100,02
135694.0,9.0,289.06,100.0,100,02
135694.0,9.0,289.06,100.0,100,02
135694.0,11.0,289.06,100.0,100,02
135694.0,11.0,289.06,100.0,100,02
135891.0,11.0,290.62,100.0,100,02
135891.0,11.0,290.62,100.0,100,02
135891.0,8.0,290.62,100.0,100,02
135891.0,8.0,290.62,100.0,100,02
135967.0,8.0,292.19,100.0,100,02
135967.0,8.0,292.19,100.0,100,02
135967.0,40.0,292.19,100.0,100,02
135967.0,40.0,292.19,100.0,100,02
136083.0,40.0,293.75,100.0,100,02
136083.0,40.0,293.75,100.0,100,02
136083.0,52.0,293.75,100.0,100,02
136083.0,52.0,293.75,100.0,100,02
136183.0,52.0,295.31,100.0,100,02
136183.0,52.0,295.31,100.0,100,02
136183.0,47.0,295.31,100.0,100,02
136183.0,47.0,295.31,100.0,100,02
136269.0,47.0,296.88,100.0,100,02
136269.0,47.0,296.88,100.0,100,02
136269.0,50.0,296.88,100.0,100,02
136269.0,50.0,296.88,100.0,100,02
136343.0,50.0,298.44,50.0,100,02
136343.0,50.0,298.44,50.0,100,02
136343.0,98.0,298.44,50.0,100,02
136343.0,98.0,298.44,50.0,100,02
136550.0,98.0,300.0,100.0,100,02
136550.0,98.0,300.0,100.0,100,02
136550.0,9.0,300.0,100.0,100,02
136550.0,9.0,300.0,100.0,100,02
138895.0,9.0,301.56,100.0,100,02
138895.0,9.0,301.56,100.0,100,02
138895.0,13.0,301.56,100.0,100,02
138895.0,13.0,301.56,100.0,100,02
138941.0,13.0,303.12,100.0,100,02
138941.0,13.0,303.12,100.0,100,02
138941.0,31.0,303.12,100.0,100,02
138941.0,31.0,303.12,100.0,100,02
138988.0,31.0,304.69,100.0,100,02
138988.0,31.0,304.69,100.0,100,02
138988.0,66.0,304.69,100.0,100,02
138988.0,66.0,304.69,100.0,100,02
139045.0,66.0,306.25,100.0,100,02
139045.0,66.0,306.25,100.0,100,02
139045.0,19.0,306.25,100.0,100,02
139045.0,19.0,306.25,100.0,100,02
139090.0,19.0,307.81,100.0,100,02
139090.0,19.0,307.81,100.0,100,02
139090.0,35.0,307.81,100.0,100,02
139090.0,35.0,307.81,100.0,100,02
139150.0,35.0,309.38,100.0,100,02
139150.0,35.0,309.38,100.0,100,02
139150.0,35.0,309.38,100.0,100,02
139150.0,35.0,309.38,100.0,100,02
139200.0,35.0,310.94,100.0,100,02
139200.0,35.0,310.94,100.0,100,02
139200.0,51.0,310.94,100.0,100,02
139200.0,51.0,310.94,100.0,100,02
139277.0,51.0,312.5,100.0,100,02
139277.0,51.0,312.5,100.0,100,02
139277.0,65.0,312.5,100.0,100,02
139277.0,65.0,312.5,100.0,100,02
139333.0,65.0,314.06,6.25,100,02
139333.0,65.0,314.06,6.25,100,02
139333.0,38.0,314.06,6.25,100,02
139333.0,38.0,314.06,6.25,100,02
139406.0,38.0,315.62,100.0,100,02
139406.0,38.0,315.62,100.0,100,02
139406.0,73.0,315.62,100.0,100,02
139406.0,73.0,315.62,100.0,100,02
139471.0,73.0,317.19,100.0,100,02
139471.0,73.0,317.19,100.0,100,02
139471.0,38.0,317.19,100.0,100,02
139471.0,38.0,317.19,100.0,100,02
139524.0,38.0,318.75,100.0,100,02
139524.0,38.0,318.75,100.0,100,02
139524.0,55.0,318.75,100.0,100,02
139524.0,55.0,318.75,100.0,100,02
139584.0,55.0,320.31,100.0,100,02
139584.0,55.0,320.31,100.0,100,02
139584.0,84.0,320.31,100.0,100,02
139584.0,84.0,320.31,100.0,100,02
139647.0,84.0,321.88,100.0,100,02
139647.0,84.0,321.88,100.0,100,02
139647.0,39.0,321.88,100.0,100,02
139647.0,39.0,321.88,100.0,100,02
139712.0,39.0,323.44,100.0,100,02
139712.0,39.0,323.44,100.0,100,02
139712.0,45.0,323.44,100.0,100,02
139712.0,45.0,323.44,100.0,100,02
139761.0,45.0,325.0,100.0,100,02
139761.0,45.0,325.0,100.0,100,02
139761.0,0.0,325.0,100.0,100,02
139761.0,0.0,325.0,100.0,100,02
139813.0,0.0,326.56,100.0,100,02
139813.0,0.0,326.56,100.0,100,02
139813.0,51.0,326.56,100.0,100,02
139813.0,51.0,326.56,100.0,100,02
139872.0,51.0,328.12,100.0,100,02
139872.0,51.0,328.12,100.0,100,02
139872.0,35.0,328.12,100.0,100,02
139872.0,35.0,328.12,100.0,100,02
139921.0,35.0,329.69,100.0,100,02
139921.0,35.0,329.69,100.0,100,02
139921.0,37.0,329.69,100.0,100,02
139921.0,37.0,329.69,100.0,100,02
139974.0,37.0,331.25,100.0,100,02
139974.0,37.0,331.25,100.0,100,02
139974.0,38.0,331.25,100.0,100,02
139974.0,38.0,331.25,100.0,100,02
140028.0,38.0,332.81,100.0,100,02
140028.0,38.0,332.81,100.0,100,02
140028.0,48.0,332.81,100.0,100,02
140028.0,48.0,332.81,100.0,100,02
140077.0,48.0,334.38,100.0,100,02
140077.0,48.0,334.38,100.0,100,02
140077.0,38.0,334.38,100.0,100,02
140077.0,38.0,334.38,100.0,100,02
140133.0,38.0,335.94,100.0,100,02
140133.0,38.0,335.94,100.0,100,02
140133.0,56.0,335.94,100.0,100,02
140133.0,56.0,335.94,100.0,100,02
140183.0,56.0,337.5,100.0,100,02
140183.0,56.0,337.5,100.0,100,02
140183.0,61.0,337.5,100.0,100,02
140183.0,61.0,337.5,100.0,100,02
140235.0,61.0,339.06,100.0,100,02
140235.0,61.0,339.06,100.0,100,02
140235.0,49.0,339.06,100.0,100,02
140235.0,49.0,339.06,100.0,100,02
140280.0,49.0,340.62,100.0,100,02
140280.0,49.0,340.62,100.0,100,02
140280.0,118.0,340.62,100.0,100,02
140280.0,118.0,340.62,100.0,100,02
140328.0,118.0,342.19,100.0,100,02
140328.0,118.0,342.19,100.0,100,02
140328.0,54.0,342.19,100.0,100,02
140328.0,54.0,342.19,100.0,100,02
140376.0,54.0,343.75,100.0,100,02
140376.0,54.0,343.75,100.0,100,02
140376.0,35.0,343.75,100.0,100,02
140376.0,35.0,343.75,100.0,100,02
140431.0,35.0,345.31,100.0,100,02
140431.0,35.0,345.31,100.0,100,02
140431.0,41.0,345.31,100.0,100,02
140431.0,41.0,345.31,100.0,100,02
140478.0,41.0,346.88,100.0,100,02
140478.0,41.0,346.88,100.0,100,02
140478.0,39.0,346.88,100.0,100,02
140478.0,39.0,346.88,100.0,100,02
140537.0,39.0,348.44,100.0,100,02
140537.0,39.0,348.44,100.0,100,02
140537.0,65.0,348.44,100.0,100,02
140537.0,65.0,348.44,100.0,100,02
140592.0,65.0,350.0,100.0,100,02
140592.0,65.0,350.0,100.0,100,02
140592.0,48.0,350.0,100.0,100,02
140592.0,48.0,350.0,100.0,100,02
140655.0,48.0,351.56,100.0,100,02
140655.0,48.0,351.56,100.0,100,02
140655.0,41.0,351.56,100.0,100,02
140655.0,41.0,351.56,100.0,100,02
140694.0,41.0,353.12,100.0,100,02
140694.0,41.0,353.12,100.0,100,02
140694.0,40.0,353.12,100.0,100,02
140694.0,40.0,353.12,100.0,100,02
140762.0,40.0,354.69,100.0,100,02
140762.0,40.0,354.69,100.0,100,02
140762.0,40.0,354.69,100.0,100,02
140762.0,40.0,354.69,100.0,100,02
140824.0,40.0,356.25,100.0,100,02
140824.0,40.0,356.25,100.0,100,02
140824.0,61.0,356.25,100.0,100,02
140824.0,61.0,356.25,100.0,100,02
140877.0,61.0,357.81,100.0,100,02
140877.0,61.0,357.81,100.0,100,02
140877.0,44.0,357.81,100.0,100,02
140877.0,44.0,357.81,100.0,100,02
140938.0,44.0,359.38,100.0,100,02
140938.0,44.0,359.38,100.0,100,02
140938.0,45.0,359.38,100.0,100,02
140938.0,45.0,359.38,100.0,100,02
141016.0,45.0,360.94,6.25,100,02
141016.0,45.0,360.94,6.25,100,02
141016.0,55.0,360.94,6.25,100,02
141016.0,55.0,360.94,6.25,100,02
141082.0,55.0,362.5,100.0,100,02
141082.0,55.0,362.5,100.0,100,02
141082.0,40.0,362.5,100.0,100,02
141082.0,40.0,362.5,100.0,100,02
141141.0,40.0,364.06,100.0,100,02
141141.0,40.0,364.06,100.0,100,02
141141.0,56.0,364.06,100.0,100,02
141141.0,56.0,364.06,100.0,100,02
141196.0,56.0,365.62,100.0,100,02
141196.0,56.0,365.62,100.0,100,02
141196.0,61.0,365.62,100.0,100,02
141196.0,61.0,365.62,100.0,100,02
141271.0,61.0,367.19,100.0,100,02
141271.0,61.0,367.19,100.0,100,02
141271.0,36.0,367.19,100.0,100,02
141271.0,36.0,367.19,100.0,100,02
141326.0,36.0,368.75,100.0,100,02
141326.0,36.0,368.75,100.0,100,02
141326.0,41.0,368.75,100.0,100,02
141326.0,41.0,368.75,100.0,100,02
141379.0,41.0,370.31,100.0,100,02
141379.0,41.0,370.31,100.0,100,02
141379.0,53.0,370.31,100.0,100,02
141379.0,53.0,370.31,100.0,100,02
141437.0,53.0,371.88,100.0,100,02
141437.0,53.0,371.88,100.0,100,02
141437.0,58.0,371.88,100.0,100,02
141437.0,58.0,371.88,100.0,100,02
141486.0,58.0,373.44,100.0,100,02
141486.0,58.0,373.44,100.0,100,02
141486.0,49.0,373.44,100.0,100,02
141486.0,49.0,373.44,100.0,100,02
141535.0,49.0,375.0,100.0,100,02
141535.0,49.0,375.0,100.0,100,02
141535.0,47.0,375.0,100.0,100,02
141535.0,47.0,375.0,100.0,100,02
141606.0,47.0,376.56,100.0,100,02
141606.0,47.0,376.56,100.0,100,02
141606.0,54.0,376.56,100.0,100,02
141606.0,54.0,376.56,100.0,100,02
141686.0,54.0,378.12,100.0,100,02
141686.0,54.0,378.12,100.0,100,02
141686.0,32.0,378.12,100.0,100,02
141686.0,32.0,378.12,100.0,100,02
141733.0,32.0,379.69,100.0,100,02
141733.0,32.0,379.69,100.0,100,02
141733.0,43.0,379.69,100.0,100,02
141733.0,43.0,379.69,100.0,100,02
141796.0,43.0,381.25,100.0,100,02
141796.0,43.0,381.25,100.0,100,02
141796.0,66.0,381.25,100.0,100,02
141796.0,66.0,381.25,100.0,100,02
141856.0,66.0,382.81,100.0,100,02
141856.0,66.0,382.81,100.0,100,02
141856.0,41.0,382.81,100.0,100,02
141856.0,41.0,382.81,100.0,100,02
141917.0,41.0,384.38,100.0,100,02
141917.0,41.0,384.38,100.0,100,02
141917.0,52.0,384.38,100.0,100,02
141917.0,52.0,384.38,100.0,100,02
141999.0,52.0,385.94,100.0,100,02
141999.0,52.0,385.94,100.0,100,02
141999.0,28.0,385.94,100.0,100,02
141999.0,28.0,385.94,100.0,100,02
142058.0,28.0,387.5,100.0,100,02
142058.0,28.0,387.5,100.0,100,02
142058.0,57.0,387.5,100.0,100,02
142058.0,57.0,387.5,100.0,100,02
142123.0,57.0,389.06,100.0,100,02
142123.0,57.0,389.06,100.0,100,02
142123.0,50.0,389.06,100.0,100,02
142123.0,50.0,389.06,100.0,100,02
142182.0,50.0,390.62,100.0,100,02
142182.0,50.0,390.62,100.0,100,02
142182.0,116.0,390.62,100.0,100,02
142182.0,116.0,390.62,100.0,100,02
142245.0,116.0,392.19,100.0,100,02
142245.0,116.0,392.19,100.0,100,02
142245.0,45.0,392.19,100.0,100,02
142245.0,45.0,392.19,100.0,100,02
142303.0,45.0,393.75,100.0,100,02
142303.0,45.0,393.75,100.0,100,02
142303.0,50.0,393.75,100.0,100,02
142303.0,50.0,393.75,100.0,100,02
142375.0,50.0,395.31,100.0,100,02
142375.0,50.0,395.31,100.0,100,02
142375.0,95.0,395.31,100.0,100,02
142375.0,95.0,395.31,100.0,100,02
142434.0,95.0,396.88,100.0,100,02
142434.0,95.0,396.88,100.0,100,02
142434.0,39.0,396.88,100.0,100,02
142434.0,39.0,396.88,100.0,100,02
142491.0,39.0,398.44,100.0,100,02
142491.0,39.0,398.44,100.0,100,02
142491.0,36.0,398.44,100.0,100,02
142491.0,36.0,398.44,100.0,100,02
142553.0,36.0,400.0,100.0,100,02
142553.0,36.0,400.0,100.0,100,02
142553.0,72.0,400.0,100.0,100,02
142553.0,72.0,400.0,100.0,100,02
142620.0,72.0,401.56,100.0,100,02
142620.0,72.0,401.56,100.0,100,02
142620.0,51.0,401.56,100.0,100,02
142620.0,51.0,401.56,100.0,100,02
142691.0,51.0,403.12,100.0,100,02
142691.0,51.0,403.12,100.0,100,02
142691.0,46.0,403.12,100.0,100,02
142691.0,46.0,403.12,100.0,100,02
142764.0,46.0,404.69,100.0,100,02
142764.0,46.0,404.69,100.0,100,02
142764.0,42.0,404.69,100.0,100,02
142764.0,42.0,404.69,100.0,100,02
142828.0,42.0,406.25,100.0,100,02
142828.0,42.0,406.25,100.0,100,02
142828.0,57.0,406.25,100.0,100,02
142828.0,57.0,406.25,100.0,100,02
142909.0,57.0,407.81,100.0,100,02
142909.0,57.0,407.81,100.0,100,02
142909.0,51.0,407.81,100.0,100,02
142909.0,51.0,407.81,100.0,100,02
142964.0,51.0,409.38,100.0,100,02
142964.0,51.0,409.38,100.0,100,02
142964.0,45.0,409.38,100.0,100,02
142964.0,45.0,409.38,100.0,100,02
143041.0,45.0,410.94,100.0,100,02
143041.0,45.0,410.94,100.0,100,02
143041.0,63.0,410.94,100.0,100,02
143041.0,63.0,410.94,100.0,100,02
143100.0,63.0,412.5,100.0,100,02
143100.0,63.0,412.5,100.0,100,02
143100.0,60.0,412.5,100.0,100,02
143100.0,60.0,412.5,100.0,100,02
143159.0,60.0,414.06,100.0,100,02
143159.0,60.0,414.06,100.0,100,02
143159.0,64.0,414.06,100.0,100,02
143159.0,64.0,414.06,100.0,100,02
143219.0,64.0,415.62,100.0,100,02
143219.0,64.0,415.62,100.0,100,02
143219.0,46.0,415.62,100.0,100,02
143219.0,46.0,415.62,100.0,100,02
143272.0,46.0,417.19,100.0,100,02
143272.0,46.0,417.19,100.0,100,02
143272.0,41.0,417.19,100.0,100,02
143272.0,41.0,417.19,100.0,100,02
143334.0,41.0,418.75,100.0,100,02
143334.0,41.0,418.75,100.0,100,02
143334.0,48.0,418.75,100.0,100,02
143334.0,48.0,418.75,100.0,100,02
143385.0,48.0,420.31,100.0,100,02
143385.0,48.0,420.31,100.0,100,02
143385.0,40.0,420.31,100.0,100,02
143385.0,40.0,420.31,100.0,100,02
143438.0,40.0,421.88,100.0,100,02
143438.0,40.0,421.88,100.0,100,02
143438.0,114.0,421.88,100.0,100,02
143438.0,114.0,421.88,100.0,100,02
143493.0,114.0,423.44,100.0,100,02
143493.0,114.0,423.44,100.0,100,02
143493.0,52.0,423.44,100.0,100,02
143493.0,52.0,423.44,100.0,100,02
143568.0,52.0,425.0,100.0,100,02
143568.0,52.0,425.0,100.0,100,02
143568.0,20.0,425.0,100.0,100,02
143568.0,20.0,425.0,100.0,100,02
143617.0,20.0,426.56,6.25,100,02
143617.0,20.0,426.56,6.25,100,02
143617.0,45.0,426.56,6.25,100,02
143617.0,45.0,426.56,6.25,100,02
143815.0,45.0,428.12,100.0,100,02
143815.0,45.0,428.12,100.0,100,02
143815.0,48.0,428.12,100.0,100,02
143815.0,48.0,428.12,100.0,100,02
143938.0,48.0,429.69,100.0,100,02
143938.0,48.0,429.69,100.0,100,02
143938.0,36.0,429.69,100.0,100,02
143938.0,36.0,429.69,100.0,100,02
144196.0,36.0,431.25,100.0,100,02
144196.0,36.0,431.25,100.0,100,02
144196.0,10.0,431.25,100.0,100,02
144196.0,10.0,431.25,100.0,100,02
144304.0,10.0,432.81,100.0,100,02
144304.0,10.0,432.81,100.0,100,02
144304.0,29.0,432.81,100.0,100,02
144304.0,29.0,432.81,100.0,100,02
144408.0,29.0,434.38,100.0,100,02
144408.0,29.0,434.38,100.0,100,02
144408.0,38.0,434.38,100.0,100,02
144408.0,38.0,434.38,100.0,100,02
144484.0,38.0,435.94,100.0,100,02
144484.0,38.0,435.94,100.0,100,02
144484.0,49.0,435.94,100.0,100,02
144484.0,49.0,435.94,100.0,100,02
144558.0,49.0,437.5,100.0,100,02
144558.0,49.0,437.5,100.0,100,02
144558.0,127.0,437.5,100.0,100,02
144558.0,127.0,437.5,100.0,100,02
144621.0,127.0,439.06,100.0,100,02
144621.0,127.0,439.06,100.0,100,02
144621.0,33.0,439.06,100.0,100,02
144621.0,33.0,439.06,100.0,100,02
144696.0,33.0,440.62,100.0,100,02
144696.0,33.0,440.62,100.0,100,02
144696.0,121.0,440.62,100.0,100,02
144696.0,121.0,440.62,100.0,100,02
144762.0,121.0,442.19,100.0,100,02
144762.0,121.0,442.19,100.0,100,02
144762.0,32.0,442.19,100.0,100,02
144762.0,32.0,442.19,100.0,100,02
144830.0,32.0,443.75,100.0,100,02
144830.0,32.0,443.75,100.0,100,02
144830.0,32.0,443.75,100.0,100,02
144830.0,32.0,443.75,100.0,100,02
144905.0,32.0,445.31,100.0,100,02
144905.0,32.0,445.31,100.0,100,02
144905.0,45.0,445.31,100.0,100,02
144905.0,45.0,445.31,100.0,100,02
144979.0,45.0,446.88,100.0,100,02
144979.0,45.0,446.88,100.0,100,02
144979.0,39.0,446.88,100.0,100,02
144979.0,39.0,446.88,100.0,100,02
145108.0,39.0,448.44,100.0,100,02
145108.0,39.0,448.44,100.0,100,02
145108.0,82.0,448.44,100.0,100,02
145108.0,82.0,448.44,100.0,100,02
145184.0,82.0,450.0,100.0,100,02
145184.0,82.0,450.0,100.0,100,02
145184.0,47.0,450.0,100.0,100,02
145184.0,47.0,450.0,100.0,100,02
145246.0,47.0,451.56,100.0,100,02
145246.0,47.0,451.56,100.0,100,02
145246.0,38.0,451.56,100.0,100,02
145246.0,38.0,451.56,100.0,100,02
145317.0,38.0,453.12,100.0,100,02
145317.0,38.0,453.12,100.0,100,02
145317.0,49.0,453.12,100.0,100,02
145317.0,49.0,453.12,100.0,100,02
145402.0,49.0,454.69,100.0,100,02
145402.0,49.0,454.69,100.0,100,02
145402.0,18.0,454.69,100.0,100,02
145402.0,18.0,454.69,100.0,100,02
145489.0,18.0,456.25,100.0,100,02
145489.0,18.0,456.25,100.0,100,02
145489.0,94.0,456.25,100.0,100,02
145489.0,94.0,456.25,100.0,100,02
145565.0,94.0,457.81,100.0,100,02
145565.0,94.0,457.81,100.0,100,02
145565.0,33.0,457.81,100.0,100,02
145565.0,33.0,457.81,100.0,100,02
145658.0,33.0,459.38,100.0,100,02
145658.0,33.0,459.38,100.0,100,02
145658.0,50.0,459.38,100.0,100,02
145658.0,50.0,459.38,100.0,100,02
145732.0,50.0,460.94,100.0,100,02
145732.0,50.0,460.94,100.0,100,02
145732.0,53.0,460.94,100.0,100,02
145732.0,53.0,460.94,100.0,100,02
145870.0,53.0,462.5,100.0,100,02
145870.0,53.0,462.5,100.0,100,02
145870.0,33.0,462.5,100.0,100,02
145870.0,33.0,462.5,100.0,100,02
145969.0,33.0,464.06,100.0,100,02
145969.0,33.0,464.06,100.0,100,02
146080.0,21.0,465.62,6.25,100,02
146080.0,21.0,465.62,6.25,100,02
146080.0,41.0,465.62,6.25,100,02
146080.0,41.0,465.62,6.25,100,02
146190.0,41.0,467.19,100.0,100,02
146190.0,41.0,467.19,100.0,100,02
146190.0,29.0,467.19,100.0,100,02
146190.0,29.0,467.19,100.0,100,02
147381.0,29.0,468.75,100.0,100,02
147381.0,29.0,468.75,100.0,100,02
147381.0,47.0,468.75,100.0,100,02
147381.0,47.0,468.75,100.0,100,02
147446.0,47.0,470.31,100.0,100,02
147446.0,47.0,470.31,100.0,100,02
147516.0,39.0,471.88,100.0,100,02
147516.0,39.0,471.88,100.0,100,02
147516.0,47.0,471.88,100.0,100,02
147516.0,47.0,471.88,100.0,100,02
147660.0,47.0,473.44,100.0,100,02
147660.0,47.0,473.44,100.0,100,02
147660.0,48.0,473.44,100.0,100,02
147660.0,48.0,473.44,100.0,100,02
148554.0,48.0,475.0,100.0,100,02
148554.0,48.0,475.0,100.0,100,02
148758.0,9.0,476.56,100.0,100,02
148758.0,9.0,476.56,100.0,100,02
148758.0,33.0,476.56,100.0,100,02
148758.0,33.0,476.56,100.0,100,02
149026.0,33.0,478.12,100.0,100,02
149026.0,33.0,478.12,100.0,100,02
149026.0,33.0,478.12,100.0,100,02
149026.0,33.0,478.12,100.0,100,02
149258.0,33.0,479.69,100.0,100,02
149258.0,33.0,479.69,100.0,100,02
149258.0,28.0,479.69,100.0,100,02
149258.0,28.0,479.69,100.0,100,02
149575.0,28.0,481.25,100.0,100,02
149575.0,28.0,481.25,100.0,100,02
149575.0,106.0,481.25,100.0,100,02
149575.0,106.0,481.25,100.0,100,02
149852.0,106.0,482.81,100.0,100,02
149852.0,106.0,482.81,100.0,100,02
149852.0,22.0,482.81,100.0,100,02
149852.0,22.0,482.81,100.0,100,02
150238.0,22.0,484.38,100.0,100,02
150238.0,22.0,484.38,100.0,100,02
150238.0,63.0,484.38,100.0,100,02
150238.0,63.0,484.38,100.0,100,02
150384.0,63.0,485.94,100.0,100,02
150384.0,63.0,485.94,100.0,100,02
150384.0,91.0,485.94,100.0,100,02
150384.0,91.0,485.94,100.0,100,02
150565.0,91.0,487.5,100.0,100,02
150565.0,91.0,487.5,100.0,100,02
150565.0,217.0,487.5,100.0,100,02
150565.0,217.0,487.5,100.0,100,02
150683.0,217.0,489.06,100.0,100,02
150683.0,217.0,489.06,100.0,100,02
150683.0,127.0,489.06,100.0,100,02
150683.0,127.0,489.06,100.0,100,02
150787.0,127.0,490.62,100.0,100,02
150787.0,127.0,490.62,100.0,100,02
150787.0,37.0,490.62,100.0,100,02
150787.0,37.0,490.62,100.0,100,02
150995.0,37.0,492.19,100.0,100,02
150995.0,37.0,492.19,100.0,100,02
150995.0,53.0,492.19,100.0,100,02
150995.0,53.0,492.19,100.0,100,02
151549.0,53.0,493.75,100.0,100,02
151549.0,53.0,493.75,100.0,100,02
151549.0,29.0,493.75,100.0,100,02
151549.0,29.0,493.75,100.0,100,02
152110.0,29.0,495.31,100.0,100,02
152110.0,29.0,495.31,100.0,100,02
152110.0,35.0,495.31,100.0,100,02
152110.0,35.0,495.31,100.0,100,02
153637.0,35.0,496.88,100.0,100,02
153637.0,35.0,496.88,100.0,100,02
153637.0,34.0,496.88,100.0,100,02
153637.0,34.0,496.88,100.0,100,02
153859.0,34.0,498.44,100.0,100,02
153859.0,34.0,498.44,100.0,100,02
153859.0,66.0,498.44,100.0,100,02
153859.0,66.0,498.44,100.0,100,02
154063.0,66.0,500.0,100.0,100,02
154063.0,66.0,500.0,100.0,100,02
154063.0,41.0,500.0,100.0,100,02
154063.0,41.0,500.0,100.0,100,02
154258.0,41.0,501.56,100.0,100,02
154258.0,41.0,501.56,100.0,100,02
154258.0,50.0,501.56,100.0,100,02
154258.0,50.0,501.56,100.0,100,02
154547.0,50.0,503.12,100.0,100,02
154547.0,50.0,503.12,100.0,100,02
154547.0,34.0,503.12,100.0,100,02
154547.0,34.0,503.12,100.0,100,02
154814.0,34.0,504.69,100.0,100,02
154814.0,34.0,504.69,100.0,100,02
154814.0,36.0,504.69,100.0,100,02
154814.0,36.0,504.69,100.0,100,02
156009.0,36.0,506.25,100.0,100,02
156009.0,36.0,506.25,100.0,100,02
156009.0,6.0,506.25,100.0,100,02
156009.0,6.0,506.25,100.0,100,02
156231.0,6.0,507.81,100.0,100,02
156231.0,6.0,507.81,100.0,100,02
156231.0,23.0,507.81,100.0,100,02
156231.0,23.0,507.81,100.0,100,02
156343.0,23.0,509.38,100.0,100,02
156343.0,23.0,509.38,100.0,100,02
156343.0,25.0,509.38,100.0,100,02
156343.0,25.0,509.38,100.0,100,02
156453.0,25.0,510.94,100.0,100,02
156453.0,25.0,510.94,100.0,100,02
156453.0,31.0,510.94,100.0,100,02
156453.0,31.0,510.94,100.0,100,02
157120.0,31.0,512.5,100.0,100,02
157120.0,31.0,512.5,100.0,100,02
157120.0,9.0,512.5,100.0,100,02
157120.0,9.0,512.5,100.0,100,02
157296.0,9.0,514.06,100.0,100,02
157296.0,9.0,514.06,100.0,100,02
157296.0,40.0,514.06,100.0,100,02
157296.0,40.0,514.06,100.0,100,02
157384.0,40.0,515.62,100.0,100,02
157384.0,40.0,515.62,100.0,100,02
157384.0,30.0,515.62,100.0,100,02
157384.0,30.0,515.62,100.0,100,02
157450.0,30.0,517.19,100.0,100,02
157450.0,30.0,517.19,100.0,100,02
157450.0,37.0,517.19,100.0,100,02
157450.0,37.0,517.19,100.0,100,02
157524.0,37.0,518.75,100.0,100,02
157524.0,37.0,518.75,100.0,100,02
157524.0,32.0,518.75,100.0,100,02
157524.0,32.0,518.75,100.0,100,02
157590.0,32.0,520.31,100.0,100,02
157590.0,32.0,520.31,100.0,100,02
157590.0,87.0,520.31,100.0,100,02
157590.0,87.0,520.31,100.0,100,02
157646.0,87.0,521.88,100.0,100,02
157646.0,87.0,521.88,100.0,100,02
157646.0,29.0,521.88,100.0,100,02
157646.0,29.0,521.88,100.0,100,02
157717.0,29.0,523.44,100.0,100,02
157717.0,29.0,523.44,100.0,100,02
157717.0,54.0,523.44,100.0,100,02
157717.0,54.0,523.44,100.0,100,02
157786.0,54.0,525.0,100.0,100,02
157786.0,54.0,525.0,100.0,100,02
157786.0,45.0,525.0,100.0,100,02
157786.0,45.0,525.0,100.0,100,02
158089.0,45.0,526.56,100.0,100,02
158089.0,45.0,526.56,100.0,100,02
158089.0,43.0,526.56,100.0,100,02
158089.0,43.0,526.56,100.0,100,02
158256.0,43.0,528.12,100.0,100,02
158256.0,43.0,528.12,100.0,100,02
158256.0,38.0,528.12,100.0,100,02
158256.0,38.0,528.12,100.0,100,02
158355.0,38.0,529.69,50.0,100,02
158355.0,38.0,529.69,50.0,100,02
158355.0,55.0,529.69,50.0,100,02
158355.0,55.0,529.69,50.0,100,02
158428.0,55.0,531.25,100.0,100,02
158428.0,55.0,531.25,100.0,100,02
158428.0,54.0,531.25,100.0,100,02
158428.0,54.0,531.25,100.0,100,02
158515.0,54.0,532.81,100.0,100,02
158515.0,54.0,532.81,100.0,100,02
158515.0,31.0,532.81,100.0,100,02
158515.0,31.0,532.81,100.0,100,02
158862.0,31.0,534.38,100.0,100,02
158862.0,31.0,534.38,100.0,100,02
158862.0,9.0,534.38,100.0,100,02
158862.0,9.0,534.38,100.0,100,02
158956.0,9.0,535.94,100.0,100,02
158956.0,9.0,535.94,100.0,100,02
158956.0,36.0,535.94,100.0,100,02
158956.0,36.0,535.94,100.0,100,02
159064.0,36.0,537.5,100.0,100,02
159064.0,36.0,537.5,100.0,100,02
159064.0,42.0,537.5,100.0,100,02
159064.0,42.0,537.5,100.0,100,02
159531.0,42.0,539.06,100.0,100,02
159531.0,42.0,539.06,100.0,100,02
159531.0,10.0,539.06,100.0,100,02
159531.0,10.0,539.06,100.0,100,02
160061.0,10.0,540.62,100.0,100,02
160061.0,10.0,540.62,100.0,100,02
160061.0,10.0,540.62,100.0,100,02
160061.0,10.0,540.62,100.0,100,02
160191.0,10.0,542.19,100.0,100,02
160191.0,10.0,542.19,100.0,100,02
160191.0,55.0,542.19,100.0,100,02
160191.0,55.0,542.19,100.0,100,02
160313.0,55.0,543.75,100.0,100,02
160313.0,55.0,543.75,100.0,100,02
160313.0,35.0,543.75,100.0,100,02
160313.0,35.0,543.75,100.0,100,02
160444.0,35.0,545.31,100.0,100,02
160444.0,35.0,545.31,100.0,100,02
160444.0,39.0,545.31,100.0,100,02
160444.0,39.0,545.31,100.0,100,02
160594.0,39.0,546.88,100.0,100,02
160594.0,39.0,546.88,100.0,100,02
160594.0,85.0,546.88,100.0,100,02
160594.0,85.0,546.88,100.0,100,02
160713.0,85.0,548.44,100.0,100,02
160713.0,85.0,548.44,100.0,100,02
160713.0,51.0,548.44,100.0,100,02
160713.0,51.0,548.44,100.0,100,02
160840.0,51.0,550.0,100.0,100,02
160840.0,51.0,550.0,100.0,100,02
160840.0,45.0,550.0,100.0,100,02
160840.0,45.0,550.0,100.0,100,02
160938.0,45.0,551.56,100.0,100,02
160938.0,45.0,551.56,100.0,100,02
160938.0,50.0,551.56,100.0,100,02
160938.0,50.0,551.56,100.0,100,02
161011.0,50.0,553.12,100.0,100,02
161011.0,50.0,553.12,100.0,100,02
161011.0,35.0,553.12,100.0,100,02
161011.0,35.0,553.12,100.0,100,02
161076.0,35.0,554.69,100.0,100,02
161076.0,35.0,554.69,100.0,100,02
161076.0,64.0,554.69,100.0,100,02
161076.0,64.0,554.69,100.0,100,02
161170.0,64.0,556.25,100.0,100,02
161170.0,64.0,556.25,100.0,100,02
161170.0,47.0,556.25,100.0,100,02
161170.0,47.0,556.25,100.0,100,02
161250.0,47.0,557.81,100.0,100,02
161250.0,47.0,557.81,100.0,100,02
161250.0,27.0,557.81,100.0,100,02
161250.0,27.0,557.81,100.0,100,02
161328.0,27.0,559.38,100.0,100,02
161328.0,27.0,559.38,100.0,100,02
161328.0,33.0,559.38,100.0,100,02
161328.0,33.0,559.38,100.0,100,02
161514.0,33.0,560.94,100.0,100,02
161514.0,33.0,560.94,100.0,100,02
161514.0,9.0,560.94,100.0,100,02
161514.0,9.0,560.94,100.0,100,02
161604.0,9.0,562.5,100.0,100,02
161604.0,9.0,562.5,100.0,100,02
161604.0,29.0,562.5,100.0,100,02
161604.0,29.0,562.5,100.0,100,02
161892.0,29.0,564.06,100.0,100,02
161892.0,29.0,564.06,100.0,100,02
161892.0,37.0,564.06,100.0,100,02
161892.0,37.0,564.06,100.0,100,02
161935.0,37.0,565.62,100.0,100,02
161935.0,37.0,565.62,100.0,100,02
161935.0,50.0,565.62,100.0,100,02
161935.0,50.0,565.62,100.0,100,02
161974.0,50.0,567.19,100.0,100,02
161974.0,50.0,567.19,100.0,100,02
161974.0,40.0,567.19,100.0,100,02
161974.0,40.0,567.19,100.0,100,02
162029.0,40.0,568.75,100.0,100,02
162029.0,40.0,568.75,100.0,100,02
162029.0,62.0,568.75,100.0,100,02
162029.0,62.0,568.75,100.0,100,02
162095.0,62.0,570.31,100.0,100,02
162095.0,62.0,570.31,100.0,100,02
162095.0,52.0,570.31,100.0,100,02
162095.0,52.0,570.31,100.0,100,02
162140.0,52.0,571.88,100.0,100,02
162140.0,52.0,571.88,100.0,100,02
162140.0,47.0,571.88,100.0,100,02
162140.0,47.0,571.88,100.0,100,02
162188.0,47.0,573.44,100.0,100,02
162188.0,47.0,573.44,100.0,100,02
162188.0,54.0,573.44,100.0,100,02
162188.0,54.0,573.44,100.0,100,02
162234.0,54.0,575.0,100.0,100,02
162234.0,54.0,575.0,100.0,100,02
162234.0,32.0,575.0,100.0,100,02
162234.0,32.0,575.0,100.0,100,02
162285.0,32.0,576.56,100.0,100,02
162285.0,32.0,576.56,100.0,100,02
162285.0,41.0,576.56,100.0,100,02
162285.0,41.0,576.56,100.0,100,02
162336.0,41.0,578.12,100.0,100,02
162336.0,41.0,578.12,100.0,100,02
162336.0,49.0,578.12,100.0,100,02
162336.0,49.0,578.12,100.0,100,02
162393.0,49.0,579.69,100.0,100,02
162393.0,49.0,579.69,100.0,100,02
162393.0,63.0,579.69,100.0,100,02
162393.0,63.0,579.69,100.0,100,02
162461.0,63.0,581.25,100.0,100,02
162461.0,63.0,581.25,100.0,100,02
162461.0,39.0,581.25,100.0,100,02
162461.0,39.0,581.25,100.0,100,02
162524.0,39.0,582.81,100.0,100,02
162524.0,39.0,582.81,100.0,100,02
162524.0,48.0,582.81,100.0,100,02
162524.0,48.0,582.81,100.0,100,02
162576.0,48.0,584.38,100.0,100,02
162576.0,48.0,584.38,100.0,100,02
162576.0,48.0,584.38,100.0,100,02
162576.0,48.0,584.38,100.0,100,02
162639.0,48.0,585.94,100.0,100,02
162639.0,48.0,585.94,100.0,100,02
162639.0,42.0,585.94,100.0,100,02
162639.0,42.0,585.94,100.0,100,02
162702.0,42.0,587.5,100.0,100,02
162702.0,42.0,587.5,100.0,100,02
162702.0,26.0,587.5,100.0,100,02
162702.0,26.0,587.5,100.0,100,02
162770.0,26.0,589.06,100.0,100,02
162770.0,26.0,589.06,100.0,100,02
162770.0,27.0,589.06,100.0,100,02
162770.0,27.0,589.06,100.0,100,02
162841.0,27.0,590.62,100.0,100,02
162841.0,27.0,590.62,100.0,100,02
162841.0,31.0,590.62,100.0,100,02
162841.0,31.0,590.62,100.0,100,02
162898.0,31.0,592.19,100.0,100,02
162898.0,31.0,592.19,100.0,100,02
162898.0,45.0,592.19,100.0,100,02
162898.0,45.0,592.19,100.0,100,02
162952.0,45.0,593.75,100.0,100,02
162952.0,45.0,593.75,100.0,100,02
162952.0,32.0,593.75,100.0,100,02
162952.0,32.0,593.75,100.0,100,02
163006.0,32.0,595.31,100.0,100,02
163006.0,32.0,595.31,100.0,100,02
163006.0,40.0,595.31,100.0,100,02
163006.0,40.0,595.31,100.0,100,02
163061.0,40.0,596.88,100.0,100,02
163061.0,40.0,596.88,100.0,100,02
163061.0,66.0,596.88,100.0,100,02
163061.0,66.0,596.88,100.0,100,02
163123.0,66.0,598.44,100.0,100,02
163123.0,66.0,598.44,100.0,100,02
163123.0,73.0,598.44,100.0,100,02
163123.0,73.0,598.44,100.0,100,02
163200.0,73.0,600.0,100.0,100,02
163200.0,73.0,600.0,100.0,100,02
163200.0,103.0,600.0,100.0,100,02
163200.0,103.0,600.0,100.0,100,02
163279.0,103.0,601.56,100.0,100,02
163279.0,103.0,601.56,100.0,100,02
163279.0,88.0,601.56,100.0,100,02
163279.0,88.0,601.56,100.0,100,02
163347.0,88.0,603.12,100.0,100,02
163347.0,88.0,603.12,100.0,100,02
163347.0,33.0,603.12,100.0,100,02
163347.0,33.0,603.12,100.0,100,02
163407.0,33.0,604.69,100.0,100,02
163407.0,33.0,604.69,100.0,100,02
163407.0,92.0,604.69,100.0,100,02
163407.0,92.0,604.69,100.0,100,02
163469.0,92.0,606.25,100.0,100,02
163469.0,92.0,606.25,100.0,100,02
163469.0,59.0,606.25,100.0,100,02
163469.0,59.0,606.25,100.0,100,02
163550.0,59.0,607.81,100.0,100,02
163550.0,59.0,607.81,100.0,100,02
163550.0,53.0,607.81,100.0,100,02
163550.0,53.0,607.81,100.0,100,02
163620.0,53.0,609.38,100.0,100,02
163620.0,53.0,609.38,100.0,100,02
163620.0,41.0,609.38,100.0,100,02
163620.0,41.0,609.38,100.0,100,02
163673.0,41.0,610.94,100.0,100,02
163673.0,41.0,610.94,100.0,100,02
163673.0,45.0,610.94,100.0,100,02
163673.0,45.0,610.94,100.0,100,02
163726.0,45.0,612.5,100.0,100,02
163726.0,45.0,612.5,100.0,100,02
163726.0,48.0,612.5,100.0,100,02
163726.0,48.0,612.5,100.0,100,02
163777.0,48.0,614.06,100.0,100,02
163777.0,48.0,614.06,100.0,100,02
163777.0,31.0,614.06,100.0,100,02
163777.0,31.0,614.06,100.0,100,02
163873.0,31.0,615.62,100.0,100,02
163873.0,31.0,615.62,100.0,100,02
163873.0,29.0,615.62,100.0,100,02
163873.0,29.0,615.62,100.0,100,02
164062.0,29.0,617.19,100.0,100,02
164062.0,29.0,617.19,100.0,100,02
164062.0,8.0,617.19,100.0,100,02
164062.0,8.0,617.19,100.0,100,02
164130.0,8.0,618.75,100.0,100,02
164130.0,8.0,618.75,100.0,100,02
164130.0,108.0,618.75,100.0,100,02
164130.0,108.0,618.75,100.0,100,02
164179.0,108.0,620.31,100.0,100,02
164179.0,108.0,620.31,100.0,100,02
164179.0,44.0,620.31,100.0,100,02
164179.0,44.0,620.31,100.0,100,02
164231.0,44.0,621.88,100.0,100,02
164231.0,44.0,621.88,100.0,100,02
164231.0,45.0,621.88,100.0,100,02
164231.0,45.0,621.88,100.0,100,02
164290.0,45.0,623.44,100.0,100,02
164290.0,45.0,623.44,100.0,100,02
164290.0,46.0,623.44,100.0,100,02
164290.0,46.0,623.44,100.0,100,02
164355.0,46.0,625.0,100.0,100,02
164355.0,46.0,625.0,100.0,100,02
164355.0,132.0,625.0,100.0,100,02
164355.0,132.0,625.0,100.0,100,02
164418.0,132.0,626.56,100.0,100,02
164418.0,132.0,626.56,100.0,100,02
164418.0,34.0,626.56,100.0,100,02
164418.0,34.0,626.56,100.0,100,02
164467.0,34.0,628.12,100.0,100,02
164467.0,34.0,628.12,100.0,100,02
164467.0,45.0,628.12,100.0,100,02
164467.0,45.0,628.12,100.0,100,02
164517.0,45.0,629.69,100.0,100,02
164517.0,45.0,629.69,100.0,100,02
164517.0,41.0,629.69,100.0,100,02
164517.0,41.0,629.69,100.0,100,02
164571.0,41.0,631.25,100.0,100,02
164571.0,41.0,631.25,100.0,100,02
164571.0,44.0,631.25,100.0,100,02
164571.0,44.0,631.25,100.0,100,02
164637.0,44.0,632.81,100.0,100,02
164637.0,44.0,632.81,100.0,100,02
164637.0,33.0,632.81,100.0,100,02
164637.0,33.0,632.81,100.0,100,02
164692.0,33.0,634.38,100.0,100,02
164692.0,33.0,634.38,100.0,100,02
164692.0,52.0,634.38,100.0,100,02
164692.0,52.0,634.38,100.0,100,02
164761.0,52.0,635.94,100.0,100,02
164761.0,52.0,635.94,100.0,100,02
164761.0,24.0,635.94,100.0,100,02
164761.0,24.0,635.94,100.0,100,02
164963.0,24.0,637.5,100.0,100,02
164963.0,24.0,637.5,100.0,100,02
164963.0,35.0,637.5,100.0,100,02
164963.0,35.0,637.5,100.0,100,02
165004.0,35.0,639.06,100.0,100,02
165004.0,35.0,639.06,100.0,100,02
165004.0,48.0,639.06,100.0,100,02
165004.0,48.0,639.06,100.0,100,02
165158.0,48.0,640.62,100.0,100,02
165158.0,48.0,640.62,100.0,100,02
165158.0,47.0,640.62,100.0,100,02
165158.0,47.0,640.62,100.0,100,02
165223.0,47.0,642.19,100.0,100,02
165223.0,47.0,642.19,100.0,100,02
165223.0,36.0,642.19,100.0,100,02
165223.0,36.0,642.19,100.0,100,02
165291.0,36.0,643.75,100.0,100,02
165291.0,36.0,643.75,100.0,100,02
165291.0,54.0,643.75,100.0,100,02
165291.0,54.0,643.75,100.0,100,02
165371.0,54.0,645.31,100.0,100,02
165371.0,54.0,645.31,100.0,100,02
165371.0,123.0,645.31,100.0,100,02
165371.0,123.0,645.31,100.0,100,02
165458.0,123.0,646.88,100.0,100,02
165458.0,123.0,646.88,100.0,100,02
165458.0,42.0,646.88,100.0,100,02
165458.0,42.0,646.88,100.0,100,02
165554.0,42.0,648.44,100.0,100,02
165554.0,42.0,648.44,100.0,100,02
165554.0,52.0,648.44,100.0,100,02
165554.0,52.0,648.44,100.0,100,02
165643.0,52.0,650.0,100.0,100,02
165643.0,52.0,650.0,100.0,100,02
165643.0,65.0,650.0,100.0,100,02
165643.0,65.0,650.0,100.0,100,02
165749.0,65.0,651.56,100.0,100,02
165749.0,65.0,651.56,100.0,100,02
165749.0,43.0,651.56,100.0,100,02
165749.0,43.0,651.56,100.0,100,02
165839.0,43.0,653.12,100.0,100,02
165839.0,43.0,653.12,100.0,100,02
165839.0,44.0,653.12,100.0,100,02
165839.0,44.0,653.12,100.0,100,02
165985.0,44.0,654.69,100.0,100,02
165985.0,44.0,654.69,100.0,100,02
165985.0,47.0,654.69,100.0,100,02
165985.0,47.0,654.69,100.0,100,02
166070.0,47.0,656.25,100.0,100,02
166070.0,47.0,656.25,100.0,100,02
166070.0,46.0,656.25,100.0,100,02
166070.0,46.0,656.25,100.0,100,02
166172.0,46.0,657.81,100.0,100,02
166172.0,46.0,657.81,100.0,100,02
166172.0,28.0,657.81,100.0,100,02
166172.0,28.0,657.81,100.0,100,02
166259.0,28.0,659.38,100.0,100,02
166259.0,28.0,659.38,100.0,100,02
166259.0,59.0,659.38,100.0,100,02
166259.0,59.0,659.38,100.0,100,02
166401.0,59.0,660.94,100.0,100,02
166401.0,59.0,660.94,100.0,100,02
166401.0,34.0,660.94,100.0,100,02
166401.0,34.0,660.94,100.0,100,02
166483.0,34.0,662.5,100.0,100,02
166483.0,34.0,662.5,100.0,100,02
166483.0,28.0,662.5,100.0,100,02
166483.0,28.0,662.5,100.0,100,02
166597.0,28.0,664.06,100.0,100,02
166597.0,28.0,664.06,100.0,100,02
166597.0,49.0,664.06,100.0,100,02
166597.0,49.0,664.06,100.0,100,02
166698.0,49.0,665.62,100.0,100,02
166698.0,49.0,665.62,100.0,100,02
166698.0,33.0,665.62,100.0,100,02
166698.0,33.0,665.62,100.0,100,02
166779.0,33.0,667.19,100.0,100,02
166779.0,33.0,667.19,100.0,100,02
166779.0,42.0,667.19,100.0,100,02
166779.0,42.0,667.19,100.0,100,02
166881.0,42.0,668.75,50.0,100,02
166881.0,42.0,668.75,50.0,100,02
166881.0,38.0,668.75,50.0,100,02
166881.0,38.0,668.75,50.0,100,02
166933.0,38.0,670.31,100.0,100,02
166933.0,38.0,670.31,100.0,100,02
166933.0,39.0,670.31,100.0,100,02
166933.0,39.0,670.31,100.0,100,02
166982.0,39.0,671.88,100.0,100,02
166982.0,39.0,671.88,100.0,100,02
166982.0,103.0,671.88,100.0,100,02
166982.0,103.0,671.88,100.0,100,02
167034.0,103.0,673.44,100.0,100,02
167034.0,103.0,673.44,100.0,100,02
167034.0,34.0,673.44,100.0,100,02
167034.0,34.0,673.44,100.0,100,02
167142.0,34.0,675.0,100.0,100,02
167142.0,34.0,675.0,100.0,100,02
167142.0,39.0,675.0,100.0,100,02
167142.0,39.0,675.0,100.0,100,02
167239.0,39.0,676.56,100.0,100,02
167239.0,39.0,676.56,100.0,100,02
167239.0,48.0,676.56,100.0,100,02
167239.0,48.0,676.56,100.0,100,02
167298.0,48.0,678.12,100.0,100,02
167298.0,48.0,678.12,100.0,100,02
167298.0,44.0,678.12,100.0,100,02
167298.0,44.0,678.12,100.0,100,02
167392.0,44.0,679.69,100.0,100,02
167392.0,44.0,679.69,100.0,100,02
167392.0,38.0,679.69,100.0,100,02
167392.0,38.0,679.69,100.0,100,02
167501.0,38.0,681.25,100.0,100,02
167501.0,38.0,681.25,100.0,100,02
167501.0,45.0,681.25,100.0,100,02
167501.0,45.0,681.25,100.0,100,02
167638.0,45.0,682.81,100.0,100,02
167638.0,45.0,682.81,100.0,100,02
167638.0,43.0,682.81,100.0,100,02
167638.0,43.0,682.81,100.0,100,02
167749.0,43.0,684.38,100.0,100,02
167749.0,43.0,684.38,100.0,100,02
167749.0,32.0,684.38,100.0,100,02
167749.0,32.0,684.38,100.0,100,02
167871.0,32.0,685.94,100.0,100,02
167871.0,32.0,685.94,100.0,100,02
167871.0,40.0,685.94,100.0,100,02
167871.0,40.0,685.94,100.0,100,02
167995.0,40.0,687.5,100.0,100,02
167995.0,40.0,687.5,100.0,100,02
167995.0,48.0,687.5,100.0,100,02
167995.0,48.0,687.5,100.0,100,02
168125.0,48.0,689.06,100.0,100,02
168125.0,48.0,689.06,100.0,100,02
168125.0,42.0,689.06,100.0,100,02
168125.0,42.0,689.06,100.0,100,02
168234.0,42.0,690.62,100.0,100,02
168234.0,42.0,690.62,100.0,100,02
168234.0,49.0,690.62,100.0,100,02
168234.0,49.0,690.62,100.0,100,02
168300.0,49.0,692.19,100.0,100,02
168300.0,49.0,692.19,100.0,100,02
168300.0,30.0,692.19,100.0,100,02
168300.0,30.0,692.19,100.0,100,02
168354.0,30.0,693.75,100.0,100,02
168354.0,30.0,693.75,100.0,100,02
168354.0,49.0,693.75,100.0,100,02
168354.0,49.0,693.75,100.0,100,02
168404.0,49.0,695.31,100.0,100,02
168404.0,49.0,695.31,100.0,100,02
168404.0,45.0,695.31,100.0,100,02
168404.0,45.0,695.31,100.0,100,02
168453.0,45.0,696.88,100.0,100,02
168453.0,45.0,696.88,100.0,100,02
168453.0,47.0,696.88,100.0,100,02
168453.0,47.0,696.88,100.0,100,02
168509.0,47.0,698.44,100.0,100,02
168509.0,47.0,698.44,100.0,100,02
168509.0,51.0,698.44,100.0,100,02
168509.0,51.0,698.44,100.0,100,02
168605.0,51.0,700.0,100.0,100,02
168605.0,51.0,700.0,100.0,100,02
168605.0,47.0,700.0,100.0,100,02
168605.0,47.0,700.0,100.0,100,02
168897.0,47.0,701.56,100.0,100,02
168897.0,47.0,701.56,100.0,100,02
168897.0,42.0,701.56,100.0,100,02
168897.0,42.0,701.56,100.0,100,02
168951.0,42.0,703.12,100.0,100,02
168951.0,42.0,703.12,100.0,100,02
168951.0,48.0,703.12,100.0,100,02
168951.0,48.0,703.12,100.0,100,02
169018.0,48.0,704.69,100.0,100,02
169018.0,48.0,704.69,100.0,100,02
169018.0,59.0,704.69,100.0,100,02
169018.0,59.0,704.69,100.0,100,02
169073.0,59.0,706.25,100.0,100,02
169073.0,59.0,706.25,100.0,100,02
169073.0,43.0,706.25,100.0,100,02
169073.0,43.0,706.25,100.0,100,02
169117.0,43.0,707.81,100.0,100,02
169117.0,43.0,707.81,100.0,100,02
169117.0,43.0,707.81,100.0,100,02
169117.0,43.0,707.81,100.0,100,02
169169.0,43.0,709.38,100.0,100,02
169169.0,43.0,709.38,100.0,100,02
169169.0,31.0,709.38,100.0,100,02
169169.0,31.0,709.38,100.0,100,02
169212.0,31.0,710.94,100.0,100,02
169212.0,31.0,710.94,100.0,100,02
169212.0,45.0,710.94,100.0,100,02
169212.0,45.0,710.94,100.0,100,02
169259.0,45.0,712.5,100.0,100,02
169259.0,45.0,712.5,100.0,100,02
169259.0,47.0,712.5,100.0,100,02
169259.0,47.0,712.5,100.0,100,02
169304.0,47.0,714.06,100.0,100,02
169304.0,47.0,714.06,100.0,100,02
169304.0,39.0,714.06,100.0,100,02
169304.0,39.0,714.06,100.0,100,02
169358.0,39.0,715.62,100.0,100,02
169358.0,39.0,715.62,100.0,100,02
169358.0,32.0,715.62,100.0,100,02
169358.0,32.0,715.62,100.0,100,02
169407.0,32.0,717.19,100.0,100,02
169407.0,32.0,717.19,100.0,100,02
169407.0,50.0,717.19,100.0,100,02
169407.0,50.0,717.19,100.0,100,02
169457.0,50.0,718.75,100.0,100,02
169457.0,50.0,718.75,100.0,100,02
169457.0,66.0,718.75,100.0,100,02
169457.0,66.0,718.75,100.0,100,02
169515.0,66.0,720.31,100.0,100,02
169515.0,66.0,720.31,100.0,100,02
169515.0,63.0,720.31,100.0,100,02
169515.0,63.0,720.31,100.0,100,02
169573.0,63.0,721.88,100.0,100,02
169573.0,63.0,721.88,100.0,100,02
169573.0,77.0,721.88,100.0,100,02
169573.0,77.0,721.88,100.0,100,02
169634.0,77.0,723.44,100.0,100,02
169634.0,77.0,723.44,100.0,100,02
169634.0,53.0,723.44,100.0,100,02
169634.0,53.0,723.44,100.0,100,02
169721.0,53.0,725.0,100.0,100,02
169721.0,53.0,725.0,100.0,100,02
169721.0,41.0,725.0,100.0,100,02
169721.0,41.0,725.0,100.0,100,02
169783.0,41.0,726.56,100.0,100,02
169783.0,41.0,726.56,100.0,100,02
169783.0,0.0,726.56,100.0,100,02
169783.0,0.0,726.56,100.0,100,02
169838.0,0.0,728.12,100.0,100,02
169838.0,0.0,728.12,100.0,100,02
169838.0,63.0,728.12,100.0,100,02
169838.0,63.0,728.12,100.0,100,02
169894.0,63.0,729.69,100.0,100,02
169894.0,63.0,729.69,100.0,100,02
169894.0,47.0,729.69,100.0,100,02
169894.0,47.0,729.69,100.0,100,02
169993.0,47.0,731.25,100.0,100,02
169993.0,47.0,731.25,100.0,100,02
169993.0,47.0,731.25,100.0,100,02
169993.0,47.0,731.25,100.0,100,02
170046.0,47.0,732.81,100.0,100,02
170046.0,47.0,732.81,100.0,100,02
170046.0,50.0,732.81,100.0,100,02
170046.0,50.0,732.81,100.0,100,02
170140.0,50.0,734.38,100.0,100,02
170140.0,50.0,734.38,100.0,100,02
170140.0,28.0,734.38,100.0,100,02
170140.0,28.0,734.38,100.0,100,02
170206.0,28.0,735.94,100.0,100,02
170206.0,28.0,735.94,100.0,100,02
170206.0,41.0,735.94,100.0,100,02
170206.0,41.0,735.94,100.0,100,02
170258.0,41.0,737.5,100.0,100,02
170258.0,41.0,737.5,100.0,100,02
170258.0,49.0,737.5,100.0,100,02
170258.0,49.0,737.5,100.0,100,02
170462.0,49.0,739.06,100.0,100,02
170462.0,49.0,739.06,100.0,100,02
170462.0,13.0,739.06,100.0,100,02
170462.0,13.0,739.06,100.0,100,02
170554.0,13.0,740.62,100.0,100,02
170554.0,13.0,740.62,100.0,100,02
170554.0,41.0,740.62,100.0,100,02
170554.0,41.0,740.62,100.0,100,02
170618.0,41.0,742.19,100.0,100,02
170618.0,41.0,742.19,100.0,100,02
170618.0,44.0,742.19,100.0,100,02
170618.0,44.0,742.19,100.0,100,02
170674.0,44.0,743.75,100.0,100,02
170674.0,44.0,743.75,100.0,100,02
170674.0,36.0,743.75,100.0,100,02
170674.0,36.0,743.75,100.0,100,02
170733.0,36.0,745.31,100.0,100,02
170733.0,36.0,745.31,100.0,100,02
170733.0,29.0,745.31,100.0,100,02
170733.0,29.0,745.31,100.0,100,02
170781.0,29.0,746.88,100.0,100,02
170781.0,29.0,746.88,100.0,100,02
170841.0,32.0,748.44,100.0,100,02
170841.0,32.0,748.44,100.0,100,02
170841.0,28.0,748.44,100.0,100,02
170841.0,28.0,748.44,100.0,100,02
170898.0,28.0,750.0,100.0,100,02
170898.0,28.0,750.0,100.0,100,02
170898.0,49.0,750.0,100.0,100,02
170898.0,49.0,750.0,100.0,100,02
170964.0,49.0,751.56,100.0,100,02
170964.0,49.0,751.56,100.0,100,02
170964.0,55.0,751.56,100.0,100,02
170964.0,55.0,751.56,100.0,100,02
171026.0,55.0,753.12,100.0,100,02
171026.0,55.0,753.12,100.0,100,02
171026.0,54.0,753.12,100.0,100,02
171026.0,54.0,753.12,100.0,100,02
171098.0,54.0,754.69,100.0,100,02
171098.0,54.0,754.69,100.0,100,02
171098.0,41.0,754.69,100.0,100,02
171098.0,41.0,754.69,100.0,100,02
171358.0,41.0,756.25,100.0,100,02
171358.0,41.0,756.25,100.0,100,02
171358.0,39.0,756.25,100.0,100,02
171358.0,39.0,756.25,100.0,100,02
171410.0,39.0,757.81,100.0,100,02
171410.0,39.0,757.81,100.0,100,02
171410.0,41.0,757.81,100.0,100,02
171410.0,41.0,757.81,100.0,100,02
171633.0,41.0,759.38,100.0,100,02
171633.0,41.0,759.38,100.0,100,02
171633.0,31.0,759.38,100.0,100,02
171633.0,31.0,759.38,100.0,100,02
171721.0,31.0,760.94,100.0,100,02
171721.0,31.0,760.94,100.0,100,02
171721.0,41.0,760.94,100.0,100,02
171721.0,41.0,760.94,100.0,100,02
171801.0,41.0,762.5,100.0,100,02
171801.0,41.0,762.5,100.0,100,02
171801.0,36.0,762.5,100.0,100,02
171801.0,36.0,762.5,100.0,100,02
171928.0,36.0,764.06,100.0,100,02
171928.0,36.0,764.06,100.0,100,02
171928.0,45.0,764.06,100.0,100,02
171928.0,45.0,764.06,100.0,100,02
172067.0,45.0,765.62,100.0,100,02
172067.0,45.0,765.62,100.0,100,02
172067.0,37.0,765.62,100.0,100,02
172067.0,37.0,765.62,100.0,100,02
172158.0,37.0,767.19,100.0,100,02
172158.0,37.0,767.19,100.0,100,02
172158.0,27.0,767.19,100.0,100,02
172158.0,27.0,767.19,100.0,100,02
172255.0,27.0,768.75,100.0,100,02
172255.0,27.0,768.75,100.0,100,02
172255.0,38.0,768.75,100.0,100,02
172255.0,38.0,768.75,100.0,100,02
172431.0,38.0,770.31,100.0,100,02
172431.0,38.0,770.31,100.0,100,02
172431.0,40.0,770.31,100.0,100,02
172431.0,40.0,770.31,100.0,100,02
172546.0,40.0,771.88,100.0,100,02
172546.0,40.0,771.88,100.0,100,02
172546.0,40.0,771.88,100.0,100,02
172546.0,40.0,771.88,100.0,100,02
172631.0,40.0,773.44,100.0,100,02
172631.0,40.0,773.44,100.0,100,02
172631.0,38.0,773.44,100.0,100,02
172631.0,38.0,773.44,100.0,100,02
172772.0,38.0,775.0,100.0,100,02
172772.0,38.0,775.0,100.0,100,02
172772.0,44.0,775.0,100.0,100,02
172772.0,44.0,775.0,100.0,100,02
172859.0,44.0,776.56,100.0,100,02
172859.0,44.0,776.56,100.0,100,02
172859.0,39.0,776.56,100.0,100,02
172859.0,39.0,776.56,100.0,100,02
172964.0,39.0,778.12,100.0,100,02
172964.0,39.0,778.12,100.0,100,02
172964.0,40.0,778.12,100.0,100,02
172964.0,40.0,778.12,100.0,100,02
173017.0,40.0,779.69,100.0,100,02
173017.0,40.0,779.69,100.0,100,02
173017.0,66.0,779.69,100.0,100,02
173017.0,66.0,779.69,100.0,100,02
173085.0,66.0,781.25,100.0,100,02
173085.0,66.0,781.25,100.0,100,02
173085.0,49.0,781.25,100.0,100,02
173085.0,49.0,781.25,100.0,100,02
173154.0,49.0,782.81,100.0,100,02
173154.0,49.0,782.81,100.0,100,02
173154.0,23.0,782.81,100.0,100,02
173154.0,23.0,782.81,100.0,100,02
173231.0,23.0,784.38,100.0,100,02
173231.0,23.0,784.38,100.0,100,02
173231.0,49.0,784.38,100.0,100,02
173231.0,49.0,784.38,100.0,100,02
173343.0,49.0,785.94,6.25,100,02
173343.0,49.0,785.94,6.25,100,02
173343.0,103.0,785.94,6.25,100,02
173343.0,103.0,785.94,6.25,100,02
173430.0,103.0,787.5,100.0,100,02
173430.0,103.0,787.5,100.0,100,02
173430.0,47.0,787.5,100.0,100,02
173430.0,47.0,787.5,100.0,100,02
173500.0,47.0,789.06,100.0,100,02
173500.0,47.0,789.06,100.0,100,02
173500.0,42.0,789.06,100.0,100,02
173500.0,42.0,789.06,100.0,100,02
173677.0,42.0,790.62,100.0,100,02
173677.0,42.0,790.62,100.0,100,02
173677.0,46.0,790.62,100.0,100,02
173677.0,46.0,790.62,100.0,100,02
173863.0,46.0,792.19,100.0,100,02
173863.0,46.0,792.19,100.0,100,02
173863.0,39.0,792.19,100.0,100,02
173863.0,39.0,792.19,100.0,100,02
173989.0,39.0,793.75,100.0,100,02
173989.0,39.0,793.75,100.0,100,02
173989.0,29.0,793.75,100.0,100,02
173989.0,29.0,793.75,100.0,100,02
174123.0,29.0,795.31,100.0,100,02
174123.0,29.0,795.31,100.0,100,02
174123.0,23.0,795.31,100.0,100,02
174123.0,23.0,795.31,100.0,100,02
174268.0,23.0,796.88,100.0,100,02
174268.0,23.0,796.88,100.0,100,02
174268.0,23.0,796.88,100.0,100,02
174268.0,23.0,796.88,100.0,100,02
174399.0,23.0,798.44,100.0,100,02
174399.0,23.0,798.44,100.0,100,02
174399.0,29.0,798.44,100.0,100,02
174399.0,29.0,798.44,100.0,100,02
174466.0,29.0,800.0,100.0,100,02
174466.0,29.0,800.0,100.0,100,02
174466.0,31.0,800.0,100.0,100,02
174466.0,31.0,800.0,100.0,100,02
174519.0,31.0,801.56,100.0,100,02
174519.0,31.0,801.56,100.0,100,02
174519.0,42.0,801.56,100.0,100,02
174519.0,42.0,801.56,100.0,100,02
174577.0,42.0,803.12,100.0,100,02
174577.0,42.0,803.12,100.0,100,02
174577.0,40.0,803.12,100.0,100,02
174577.0,40.0,803.12,100.0,100,02
174636.0,40.0,804.69,100.0,100,02
174636.0,40.0,804.69,100.0,100,02
174636.0,44.0,804.69,100.0,100,02
174636.0,44.0,804.69,100.0,100,02
174748.0,44.0,806.25,100.0,100,02
174748.0,44.0,806.25,100.0,100,02
174748.0,42.0,806.25,100.0,100,02
174748.0,42.0,806.25,100.0,100,02
174993.0,42.0,807.81,100.0,100,02
174993.0,42.0,807.81,100.0,100,02
174993.0,24.0,807.81,100.0,100,02
174993.0,24.0,807.81,100.0,100,02
175045.0,24.0,809.38,100.0,100,02
175045.0,24.0,809.38,100.0,100,02
175045.0,39.0,809.38,100.0,100,02
175045.0,39.0,809.38,100.0,100,02
175116.0,39.0,810.94,100.0,100,02
175116.0,39.0,810.94,100.0,100,02
175116.0,29.0,810.94,100.0,100,02
175116.0,29.0,810.94,100.0,100,02
175169.0,29.0,812.5,100.0,100,02
175169.0,29.0,812.5,100.0,100,02
175169.0,38.0,812.5,100.0,100,02
175169.0,38.0,812.5,100.0,100,02
175227.0,38.0,814.06,100.0,100,02
175227.0,38.0,814.06,100.0,100,02
175227.0,44.0,814.06,100.0,100,02
175227.0,44.0,814.06,100.0,100,02
175273.0,44.0,815.62,100.0,100,02
175273.0,44.0,815.62,100.0,100,02
175273.0,42.0,815.62,100.0,100,02
175273.0,42.0,815.62,100.0,100,02
175323.0,42.0,817.19,100.0,100,02
175323.0,42.0,817.19,100.0,100,02
175323.0,39.0,817.19,100.0,100,02
175323.0,39.0,817.19,100.0,100,02
175368.0,39.0,818.75,100.0,100,02
175368.0,39.0,818.75,100.0,100,02
175368.0,47.0,818.75,100.0,100,02
175368.0,47.0,818.75,100.0,100,02
175415.0,47.0,820.31,100.0,100,02
175415.0,47.0,820.31,100.0,100,02
175415.0,38.0,820.31,100.0,100,02
175415.0,38.0,820.31,100.0,100,02
175460.0,38.0,821.88,100.0,100,02
175460.0,38.0,821.88,100.0,100,02
175460.0,44.0,821.88,100.0,100,02
175460.0,44.0,821.88,100.0,100,02
175516.0,44.0,823.44,100.0,100,02
175516.0,44.0,823.44,100.0,100,02
175516.0,27.0,823.44,100.0,100,02
175516.0,27.0,823.44,100.0,100,02
175563.0,27.0,825.0,100.0,100,02
175563.0,27.0,825.0,100.0,100,02
175563.0,37.0,825.0,100.0,100,02
175563.0,37.0,825.0,100.0,100,02
175616.0,37.0,826.56,100.0,100,02
175616.0,37.0,826.56,100.0,100,02
175616.0,46.0,826.56,100.0,100,02
175616.0,46.0,826.56,100.0,100,02
175667.0,46.0,828.12,100.0,100,02
175667.0,46.0,828.12,100.0,100,02
175667.0,36.0,828.12,100.0,100,02
175667.0,36.0,828.12,100.0,100,02
175722.0,36.0,829.69,100.0,100,02
175722.0,36.0,829.69,100.0,100,02
175722.0,74.0,829.69,100.0,100,02
175722.0,74.0,829.69,100.0,100,02
175778.0,74.0,831.25,100.0,100,02
175778.0,74.0,831.25,100.0,100,02
175778.0,57.0,831.25,100.0,100,02
175778.0,57.0,831.25,100.0,100,02
175831.0,57.0,832.81,100.0,100,02
175831.0,57.0,832.81,100.0,100,02
175831.0,30.0,832.81,100.0,100,02
175831.0,30.0,832.81,100.0,100,02
175885.0,30.0,834.38,100.0,100,02
175885.0,30.0,834.38,100.0,100,02
175885.0,33.0,834.38,100.0,100,02
175885.0,33.0,834.38,100.0,100,02
175942.0,33.0,835.94,100.0,100,02
175942.0,33.0,835.94,100.0,100,02
175942.0,63.0,835.94,100.0,100,02
175942.0,63.0,835.94,100.0,100,02
176015.0,63.0,837.5,100.0,100,02
176015.0,63.0,837.5,100.0,100,02
176015.0,114.0,837.5,100.0,100,02
176015.0,114.0,837.5,100.0,100,02
176222.0,114.0,839.06,100.0,100,02
176222.0,114.0,839.06,100.0,100,02
176222.0,9.0,839.06,100.0,100,02
176222.0,9.0,839.06,100.0,100,02
176315.0,9.0,840.62,100.0,100,02
176315.0,9.0,840.62,100.0,100,02
176315.0,32.0,840.62,100.0,100,02
176315.0,32.0,840.62,100.0,100,02
176376.0,32.0,842.19,100.0,100,02
176376.0,32.0,842.19,100.0,100,02
176376.0,53.0,842.19,100.0,100,02
176376.0,53.0,842.19,100.0,100,02
176453.0,53.0,843.75,100.0,100,02
176453.0,53.0,843.75,100.0,100,02
176453.0,41.0,843.75,100.0,100,02
176453.0,41.0,843.75,100.0,100,02
176520.0,41.0,845.31,100.0,100,02
176520.0,41.0,845.31,100.0,100,02
176520.0,44.0,845.31,100.0,100,02
176520.0,44.0,845.31,100.0,100,02
176581.0,44.0,846.88,100.0,100,02
176581.0,44.0,846.88,100.0,100,02
176581.0,46.0,846.88,100.0,100,02
176581.0,46.0,846.88,100.0,100,02
176649.0,46.0,848.44,100.0,100,02
176649.0,46.0,848.44,100.0,100,02
176649.0,62.0,848.44,100.0,100,02
176649.0,62.0,848.44,100.0,100,02
176729.0,62.0,850.0,100.0,100,02
176729.0,62.0,850.0,100.0,100,02
176729.0,34.0,850.0,100.0,100,02
176729.0,34.0,850.0,100.0,100,02
176822.0,34.0,851.56,100.0,100,02
176822.0,34.0,851.56,100.0,100,02
176822.0,43.0,851.56,100.0,100,02
176822.0,43.0,851.56,100.0,100,02
177033.0,43.0,853.12,100.0,100,02
177033.0,43.0,853.12,100.0,100,02
177033.0,33.0,853.12,100.0,100,02
177033.0,33.0,853.12,100.0,100,02
177202.0,33.0,854.69,100.0,100,02
177202.0,33.0,854.69,100.0,100,02
177202.0,36.0,854.69,100.0,100,02
177202.0,36.0,854.69,100.0,100,02
177296.0,36.0,856.25,100.0,100,02
177296.0,36.0,856.25,100.0,100,02
177296.0,62.0,856.25,100.0,100,02
177296.0,62.0,856.25,100.0,100,02
177430.0,62.0,857.81,100.0,100,02
177430.0,62.0,857.81,100.0,100,02
177430.0,70.0,857.81,100.0,100,02
177430.0,70.0,857.81,100.0,100,02
177543.0,70.0,859.38,100.0,100,02
177543.0,70.0,859.38,100.0,100,02
177543.0,52.0,859.38,100.0,100,02
177543.0,52.0,859.38,100.0,100,02
177656.0,52.0,860.94,100.0,100,02
177656.0,52.0,860.94,100.0,100,02
177656.0,108.0,860.94,100.0,100,02
177656.0,108.0,860.94,100.0,100,02
177751.0,108.0,862.5,100.0,100,02
177751.0,108.0,862.5,100.0,100,02
177751.0,57.0,862.5,100.0,100,02
177751.0,57.0,862.5,100.0,100,02
177953.0,57.0,864.06,100.0,100,02
177953.0,57.0,864.06,100.0,100,02
177953.0,44.0,864.06,100.0,100,02
177953.0,44.0,864.06,100.0,100,02
178054.0,44.0,865.62,100.0,100,02
178054.0,44.0,865.62,100.0,100,02
178054.0,51.0,865.62,100.0,100,02
178054.0,51.0,865.62,100.0,100,02
178167.0,51.0,867.19,100.0,100,02
178167.0,51.0,867.19,100.0,100,02
178167.0,46.0,867.19,100.0,100,02
178167.0,46.0,867.19,100.0,100,02
178318.0,46.0,868.75,100.0,100,02
178318.0,46.0,868.75,100.0,100,02
178318.0,39.0,868.75,100.0,100,02
178318.0,39.0,868.75,100.0,100,02
178426.0,39.0,870.31,100.0,100,02
178426.0,39.0,870.31,100.0,100,02
178426.0,44.0,870.31,100.0,100,02
178426.0,44.0,870.31,100.0,100,02
178522.0,44.0,871.88,100.0,100,02
178522.0,44.0,871.88,100.0,100,02
178522.0,30.0,871.88,100.0,100,02
178522.0,30.0,871.88,100.0,100,02
178584.0,30.0,873.44,100.0,100,02
178584.0,30.0,873.44,100.0,100,02
178584.0,29.0,873.44,100.0,100,02
178584.0,29.0,873.44,100.0,100,02
178646.0,29.0,875.0,100.0,100,02
178646.0,29.0,875.0,100.0,100,02
178646.0,32.0,875.0,100.0,100,02
178646.0,32.0,875.0,100.0,100,02
178704.0,32.0,876.56,100.0,100,02
178704.0,32.0,876.56,100.0,100,02
178704.0,49.0,876.56,100.0,100,02
178704.0,49.0,876.56,100.0,100,02
178819.0,49.0,878.12,100.0,100,02
178819.0,49.0,878.12,100.0,100,02
178819.0,44.0,878.12,100.0,100,02
178819.0,44.0,878.12,100.0,100,02
178916.0,44.0,879.69,100.0,100,02
178916.0,44.0,879.69,100.0,100,02
178916.0,59.0,879.69,100.0,100,02
178916.0,59.0,879.69,100.0,100,02
179012.0,59.0,881.25,100.0,100,02
179012.0,59.0,881.25,100.0,100,02
179012.0,57.0,881.25,100.0,100,02
179012.0,57.0,881.25,100.0,100,02
179133.0,57.0,882.81,100.0,100,02
179133.0,57.0,882.81,100.0,100,02
179133.0,81.0,882.81,100.0,100,02
179133.0,81.0,882.81,100.0,100,02
179298.0,81.0,884.38,100.0,100,02
179298.0,81.0,884.38,100.0,100,02
179298.0,103.0,884.38,100.0,100,02
179298.0,103.0,884.38,100.0,100,02
179450.0,103.0,885.94,100.0,100,02
179450.0,103.0,885.94,100.0,100,02
179450.0,44.0,885.94,100.0,100,02
179450.0,44.0,885.94,100.0,100,02
179662.0,44.0,887.5,100.0,100,02
179662.0,44.0,887.5,100.0,100,02
179662.0,35.0,887.5,100.0,100,02
179662.0,35.0,887.5,100.0,100,02
179857.0,35.0,889.06,100.0,100,02
179857.0,35.0,889.06,100.0,100,02
179857.0,59.0,889.06,100.0,100,02
179857.0,59.0,889.06,100.0,100,02
179925.0,59.0,890.62,100.0,100,02
179925.0,59.0,890.62,100.0,100,02
179925.0,40.0,890.62,100.0,100,02
179925.0,40.0,890.62,100.0,100,02
179979.0,40.0,892.19,100.0,100,02
179979.0,40.0,892.19,100.0,100,02
179979.0,46.0,892.19,100.0,100,02
179979.0,46.0,892.19,100.0,100,02
180049.0,46.0,893.75,100.0,100,02
180049.0,46.0,893.75,100.0,100,02
180049.0,49.0,893.75,100.0,100,02
180049.0,49.0,893.75,100.0,100,02
180459.0,49.0,895.31,100.0,100,02
180459.0,49.0,895.31,100.0,100,02
180459.0,107.0,895.31,100.0,100,02
180459.0,107.0,895.31,100.0,100,02
180636.0,107.0,896.88,100.0,100,02
180636.0,107.0,896.88,100.0,100,02
180636.0,12.0,896.88,100.0,100,02
180636.0,12.0,896.88,100.0,100,02
180688.0,12.0,898.44,100.0,100,02
180688.0,12.0,898.44,100.0,100,02
180736.0,35.0,900.0,100.0,100,02
180736.0,35.0,900.0,100.0,100,02
180736.0,37.0,900.0,100.0,100,02
180736.0,37.0,900.0,100.0,100,02
182129.0,37.0,901.56,100.0,100,02
182129.0,37.0,901.56,100.0,100,02
182129.0,12.0,901.56,100.0,100,02
182129.0,12.0,901.56,100.0,100,02
182613.0,12.0,903.12,100.0,100,02
182613.0,12.0,903.12,100.0,100,02
182613.0,32.0,903.12,100.0,100,02
182613.0,32.0,903.12,100.0,100,02
183367.0,32.0,904.69,100.0,100,02
183367.0,32.0,904.69,100.0,100,02
183367.0,18.0,904.69,100.0,100,02
183367.0,18.0,904.69,100.0,100,02
184155.0,18.0,906.25,100.0,100,02
184155.0,18.0,906.25,100.0,100,02
184155.0,27.0,906.25,100.0,100,02
184155.0,27.0,906.25,100.0,100,02
184690.0,27.0,907.81,100.0,100,02
184690.0,27.0,907.81,100.0,100,02
184690.0,20.0,907.81,100.0,100,02
184690.0,20.0,907.81,100.0,100,02
185561.0,20.0,909.38,100.0,100,02
185561.0,20.0,909.38,100.0,100,02
185561.0,9.0,909.38,100.0,100,02
185561.0,9.0,909.38,100.0,100,02
185976.0,9.0,910.94,100.0,100,02
185976.0,9.0,910.94,100.0,100,02
185976.0,19.0,910.94,100.0,100,02
185976.0,19.0,910.94,100.0,100,02
186421.0,19.0,912.5,100.0,100,02
186421.0,19.0,912.5,100.0,100,02
186421.0,0.0,912.5,100.0,100,02
186421.0,0.0,912.5,100.0,100,02
187064.0,0.0,914.06,100.0,100,02
187064.0,0.0,914.06,100.0,100,02
187795.0,9.0,915.62,100.0,100,02
187795.0,9.0,915.62,100.0,100,02
187795.0,6.0,915.62,100.0,100,02
187795.0,6.0,915.62,100.0,100,02
188276.0,6.0,917.19,100.0,100,02
188276.0,6.0,917.19,100.0,100,02
188276.0,10.0,917.19,100.0,100,02
188276.0,10.0,917.19,100.0,100,02
188522.0,10.0,918.75,100.0,100,02
188522.0,10.0,918.75,100.0,100,02
188522.0,13.0,918.75,100.0,100,02
188522.0,13.0,918.75,100.0,100,02
188832.0,13.0,920.31,100.0,100,02
188832.0,13.0,920.31,100.0,100,02
188832.0,12.0,920.31,100.0,100,02
188832.0,12.0,920.31,100.0,100,02
189196.0,12.0,921.88,100.0,100,02
189196.0,12.0,921.88,100.0,100,02
189196.0,13.0,921.88,100.0,100,02
189196.0,13.0,921.88,100.0,100,02
189560.0,13.0,923.44,100.0,100,02
189560.0,13.0,923.44,100.0,100,02
190293.0,9.0,925.0,100.0,100,02
190293.0,9.0,925.0,100.0,100,02
190293.0,10.0,925.0,100.0,100,02
190293.0,10.0,925.0,100.0,100,02
190990.0,10.0,926.56,100.0,100,02
190990.0,10.0,926.56,100.0,100,02
190990.0,10.0,926.56,100.0,100,02
190990.0,10.0,926.56,100.0,100,02
191119.0,10.0,928.12,100.0,100,02
191119.0,10.0,928.12,100.0,100,02
191119.0,26.0,928.12,100.0,100,02
191119.0,26.0,928.12,100.0,100,02
191211.0,26.0,929.69,100.0,100,02
191211.0,26.0,929.69,100.0,100,02
191211.0,0.0,929.69,100.0,100,02
191211.0,0.0,929.69,100.0,100,02
191373.0,0.0,931.25,50.0,100,02
191373.0,0.0,931.25,50.0,100,02
191373.0,104.0,931.25,50.0,100,02
191373.0,104.0,931.25,50.0,100,02
191511.0,104.0,932.81,100.0,100,02
191511.0,104.0,932.81,100.0,100,02
191511.0,33.0,932.81,100.0,100,02
191511.0,33.0,932.81,100.0,100,02
191849.0,33.0,934.38,100.0,100,02
191849.0,33.0,934.38,100.0,100,02
191849.0,26.0,934.38,100.0,100,02
191849.0,26.0,934.38,100.0,100,02
191950.0,26.0,935.94,100.0,100,02
191950.0,26.0,935.94,100.0,100,02
191950.0,38.0,935.94,100.0,100,02
191950.0,38.0,935.94,100.0,100,02
192117.0,38.0,937.5,100.0,100,02
192117.0,38.0,937.5,100.0,100,02
192117.0,22.0,937.5,100.0,100,02
192117.0,22.0,937.5,100.0,100,02
192379.0,22.0,939.06,100.0,100,02
192379.0,22.0,939.06,100.0,100,02
192379.0,29.0,939.06,100.0,100,02
192379.0,29.0,939.06,100.0,100,02
192612.0,29.0,940.62,100.0,100,02
192612.0,29.0,940.62,100.0,100,02
192612.0,45.0,940.62,100.0,100,02
192612.0,45.0,940.62,100.0,100,02
192860.0,45.0,942.19,100.0,100,02
192860.0,45.0,942.19,100.0,100,02
192860.0,25.0,942.19,100.0,100,02
192860.0,25.0,942.19,100.0,100,02
193033.0,25.0,943.75,100.0,100,02
193033.0,25.0,943.75,100.0,100,02
193033.0,47.0,943.75,100.0,100,02
193033.0,47.0,943.75,100.0,100,02
193279.0,47.0,945.31,100.0,100,02
193279.0,47.0,945.31,100.0,100,02
193279.0,34.0,945.31,100.0,100,02
193279.0,34.0,945.31,100.0,100,02
193497.0,34.0,946.88,100.0,100,02
193497.0,34.0,946.88,100.0,100,02
193497.0,50.0,946.88,100.0,100,02
193497.0,50.0,946.88,100.0,100,02
193986.0,50.0,948.44,100.0,100,02
193986.0,50.0,948.44,100.0,100,02
193986.0,38.0,948.44,100.0,100,02
193986.0,38.0,948.44,100.0,100,02
194135.0,38.0,950.0,100.0,100,02
194135.0,38.0,950.0,100.0,100,02
194135.0,0.0,950.0,100.0,100,02
194135.0,0.0,950.0,100.0,100,02
194429.0,0.0,951.56,100.0,100,02
194429.0,0.0,951.56,100.0,100,02
194429.0,33.0,951.56,100.0,100,02
194429.0,33.0,951.56,100.0,100,02
194730.0,33.0,953.12,100.0,100,02
194730.0,33.0,953.12,100.0,100,02
194730.0,35.0,953.12,100.0,100,02
194730.0,35.0,953.12,100.0,100,02
195048.0,35.0,954.69,100.0,100,02
195048.0,35.0,954.69,100.0,100,02
195048.0,16.0,954.69,100.0,100,02
195048.0,16.0,954.69,100.0,100,02
195322.0,16.0,956.25,100.0,100,02
195322.0,16.0,956.25,100.0,100,02
195322.0,15.0,956.25,100.0,100,02
195322.0,15.0,956.25,100.0,100,02
195529.0,15.0,957.81,100.0,100,02
195529.0,15.0,957.81,100.0,100,02
195529.0,18.0,957.81,100.0,100,02
195529.0,18.0,957.81,100.0,100,02
195893.0,18.0,959.38,100.0,100,02
195893.0,18.0,959.38,100.0,100,02
195893.0,13.0,959.38,100.0,100,02
195893.0,13.0,959.38,100.0,100,02
196146.0,13.0,960.94,50.0,100,02
196146.0,13.0,960.94,50.0,100,02
196146.0,99.0,960.94,50.0,100,02
196146.0,99.0,960.94,50.0,100,02
196366.0,99.0,962.5,100.0,100,02
196366.0,99.0,962.5,100.0,100,02
196366.0,25.0,962.5,100.0,100,02
196366.0,25.0,962.5,100.0,100,02
196615.0,25.0,964.06,100.0,100,02
196615.0,25.0,964.06,100.0,100,02
196615.0,42.0,964.06,100.0,100,02
196615.0,42.0,964.06,100.0,100,02
196919.0,42.0,965.62,100.0,100,02
196919.0,42.0,965.62,100.0,100,02
196919.0,53.0,965.62,100.0,100,02
196919.0,53.0,965.62,100.0,100,02
197159.0,53.0,967.19,100.0,100,02
197159.0,53.0,967.19,100.0,100,02
197159.0,46.0,967.19,100.0,100,02
197159.0,46.0,967.19,100.0,100,02
197403.0,46.0,968.75,100.0,100,02
197403.0,46.0,968.75,100.0,100,02
197403.0,59.0,968.75,100.0,100,02
197403.0,59.0,968.75,100.0,100,02
197674.0,59.0,970.31,100.0,100,02
197674.0,59.0,970.31,100.0,100,02
197674.0,31.0,970.31,100.0,100,02
197674.0,31.0,970.31,100.0,100,02
197883.0,31.0,971.88,100.0,100,02
197883.0,31.0,971.88,100.0,100,02
197883.0,31.0,971.88,100.0,100,02
197883.0,31.0,971.88,100.0,100,02
198100.0,31.0,973.44,100.0,100,02
198100.0,31.0,973.44,100.0,100,02
198100.0,23.0,973.44,100.0,100,02
198100.0,23.0,973.44,100.0,100,02
198279.0,23.0,975.0,100.0,100,02
198279.0,23.0,975.0,100.0,100,02
198279.0,24.0,975.0,100.0,100,02
198279.0,24.0,975.0,100.0,100,02
198467.0,24.0,976.56,100.0,100,02
198467.0,24.0,976.56,100.0,100,02
198467.0,82.0,976.56,100.0,100,02
198467.0,82.0,976.56,100.0,100,02
198666.0,82.0,978.12,100.0,100,02
198666.0,82.0,978.12,100.0,100,02
198666.0,15.0,978.12,100.0,100,02
198666.0,15.0,978.12,100.0,100,02
198816.0,15.0,979.69,100.0,100,02
198816.0,15.0,979.69,100.0,100,02
198816.0,41.0,979.69,100.0,100,02
198816.0,41.0,979.69,100.0,100,02
199004.0,41.0,981.25,100.0,100,02
199004.0,41.0,981.25,100.0,100,02
199004.0,13.0,981.25,100.0,100,02
199004.0,13.0,981.25,100.0,100,02
199176.0,13.0,982.81,100.0,100,02
199176.0,13.0,982.81,100.0,100,02
199176.0,19.0,982.81,100.0,100,02
199176.0,19.0,982.81,100.0,100,02
199310.0,19.0,984.38,100.0,100,02
199310.0,19.0,984.38,100.0,100,02
199310.0,55.0,984.38,100.0,100,02
199310.0,55.0,984.38,100.0,100,02
199551.0,55.0,985.94,100.0,100,02
199551.0,55.0,985.94,100.0,100,02
199551.0,21.0,985.94,100.0,100,02
199551.0,21.0,985.94,100.0,100,02
199664.0,21.0,987.5,100.0,100,02
199664.0,21.0,987.5,100.0,100,02
199664.0,37.0,987.5,100.0,100,02
199664.0,37.0,987.5,100.0,100,02
199814.0,37.0,989.06,100.0,100,02
199814.0,37.0,989.06,100.0,100,02
199814.0,33.0,989.06,100.0,100,02
199814.0,33.0,989.06,100.0,100,02
200050.0,33.0,990.62,100.0,100,02
200050.0,33.0,990.62,100.0,100,02
200050.0,30.0,990.62,100.0,100,02
200050.0,30.0,990.62,100.0,100,02
200181.0,30.0,992.19,100.0,100,02
200181.0,30.0,992.19,100.0,100,02
200181.0,42.0,992.19,100.0,100,02
200181.0,42.0,992.19,100.0,100,02
200372.0,42.0,993.75,100.0,100,02
200372.0,42.0,993.75,100.0,100,02
200372.0,33.0,993.75,100.0,100,02
200372.0,33.0,993.75,100.0,100,02
200517.0,33.0,995.31,100.0,100,02
200517.0,33.0,995.31,100.0,100,02
200517.0,28.0,995.31,100.0,100,02
200517.0,28.0,995.31,100.0,100,02
200651.0,28.0,996.88,100.0,100,02
200651.0,28.0,996.88,100.0,100,02
200651.0,45.0,996.88,100.0,100,02
200651.0,45.0,996.88,100.0,100,02
200885.0,45.0,998.44,100.0,100,02
200885.0,45.0,998.44,100.0,100,02
200885.0,17.0,998.44,100.0,100,02
200885.0,17.0,998.44,100.0,100,02
201023.0,17.0,1000.0,100.0,100,02
201023.0,17.0,1000.0,100.0,100,02
201023.0,39.0,1000.0,100.0,100,02
201023.0,39.0,1000.0,100.0,100,02
201240.0,39.0,1001.56,100.0,100,02
201240.0,39.0,1001.56,100.0,100,02
201240.0,15.0,1001.56,100.0,100,02
201240.0,15.0,1001.56,100.0,100,02
201426.0,15.0,1003.12,100.0,100,02
201426.0,15.0,1003.12,100.0,100,02
201426.0,12.0,1003.12,100.0,100,02
201426.0,12.0,1003.12,100.0,100,02
201559.0,12.0,1004.69,100.0,100,02
201559.0,12.0,1004.69,100.0,100,02
201559.0,26.0,1004.69,100.0,100,02
201559.0,26.0,1004.69,100.0,100,02
201698.0,26.0,1006.25,100.0,100,02
201698.0,26.0,1006.25,100.0,100,02
201698.0,88.0,1006.25,100.0,100,02
201698.0,88.0,1006.25,100.0,100,02
201828.0,88.0,1007.81,100.0,100,02
201828.0,88.0,1007.81,100.0,100,02
201828.0,15.0,1007.81,100.0,100,02
201828.0,15.0,1007.81,100.0,100,02
201931.0,15.0,1009.38,100.0,100,02
201931.0,15.0,1009.38,100.0,100,02
201931.0,32.0,1009.38,100.0,100,02
201931.0,32.0,1009.38,100.0,100,02
202061.0,32.0,1010.94,100.0,100,02
202061.0,32.0,1010.94,100.0,100,02
202061.0,27.0,1010.94,100.0,100,02
202061.0,27.0,1010.94,100.0,100,02
202157.0,27.0,1012.5,100.0,100,02
202157.0,27.0,1012.5,100.0,100,02
202157.0,23.0,1012.5,100.0,100,02
202157.0,23.0,1012.5,100.0,100,02
202282.0,23.0,1014.06,100.0,100,02
202282.0,23.0,1014.06,100.0,100,02
202282.0,13.0,1014.06,100.0,100,02
202282.0,13.0,1014.06,100.0,100,02
202494.0,13.0,1015.62,100.0,100,02
202494.0,13.0,1015.62,100.0,100,02
202494.0,11.0,1015.62,100.0,100,02
202494.0,11.0,1015.62,100.0,100,02
202711.0,11.0,1017.19,100.0,100,02
202711.0,11.0,1017.19,100.0,100,02
202711.0,12.0,1017.19,100.0,100,02
202711.0,12.0,1017.19,100.0,100,02
202873.0,12.0,1018.75,100.0,100,02
202873.0,12.0,1018.75,100.0,100,02
202873.0,14.0,1018.75,100.0,100,02
202873.0,14.0,1018.75,100.0,100,02
202991.0,14.0,1020.31,100.0,100,02
202991.0,14.0,1020.31,100.0,100,02
202991.0,50.0,1020.31,100.0,100,02
202991.0,50.0,1020.31,100.0,100,02
203138.0,50.0,1021.88,100.0,100,02
203138.0,50.0,1021.88,100.0,100,02
203138.0,40.0,1021.88,100.0,100,02
203138.0,40.0,1021.88,100.0,100,02
203287.0,40.0,1023.44,100.0,100,02
203287.0,40.0,1023.44,100.0,100,02
203287.0,45.0,1023.44,100.0,100,02
203287.0,45.0,1023.44,100.0,100,02
203411.0,45.0,1025.0,100.0,100,02
203411.0,45.0,1025.0,100.0,100,02
203411.0,28.0,1025.0,100.0,100,02
203411.0,28.0,1025.0,100.0,100,02
203550.0,28.0,1026.56,100.0,100,02
203550.0,28.0,1026.56,100.0,100,02
203550.0,63.0,1026.56,100.0,100,02
203550.0,63.0,1026.56,100.0,100,02
203687.0,63.0,1028.12,100.0,100,02
203687.0,63.0,1028.12,100.0,100,02
203687.0,53.0,1028.12,100.0,100,02
203687.0,53.0,1028.12,100.0,100,02
203832.0,53.0,1029.69,100.0,100,02
203832.0,53.0,1029.69,100.0,100,02
203832.0,38.0,1029.69,100.0,100,02
203832.0,38.0,1029.69,100.0,100,02
204011.0,38.0,1031.25,100.0,100,02
204011.0,38.0,1031.25,100.0,100,02
204011.0,25.0,1031.25,100.0,100,02
204011.0,25.0,1031.25,100.0,100,02
204159.0,25.0,1032.81,100.0,100,02
204159.0,25.0,1032.81,100.0,100,02
204159.0,31.0,1032.81,100.0,100,02
204159.0,31.0,1032.81,100.0,100,02
204276.0,31.0,1034.38,100.0,100,02
204276.0,31.0,1034.38,100.0,100,02
204276.0,37.0,1034.38,100.0,100,02
204276.0,37.0,1034.38,100.0,100,02
204412.0,37.0,1035.94,100.0,100,02
204412.0,37.0,1035.94,100.0,100,02
204412.0,37.0,1035.94,100.0,100,02
204412.0,37.0,1035.94,100.0,100,02
204555.0,37.0,1037.5,100.0,100,02
204555.0,37.0,1037.5,100.0,100,02
204555.0,32.0,1037.5,100.0,100,02
204555.0,32.0,1037.5,100.0,100,02
204672.0,32.0,1039.06,100.0,100,02
204672.0,32.0,1039.06,100.0,100,02
204672.0,34.0,1039.06,100.0,100,02
204672.0,34.0,1039.06,100.0,100,02
204788.0,34.0,1040.62,100.0,100,02
204788.0,34.0,1040.62,100.0,100,02
204788.0,91.0,1040.62,100.0,100,02
204788.0,91.0,1040.62,100.0,100,02
204999.0,91.0,1042.19,6.25,100,02
204999.0,91.0,1042.19,6.25,100,02
204999.0,43.0,1042.19,6.25,100,02
204999.0,43.0,1042.19,6.25,100,02
205161.0,43.0,1043.75,100.0,100,02
205161.0,43.0,1043.75,100.0,100,02
205161.0,31.0,1043.75,100.0,100,02
205161.0,31.0,1043.75,100.0,100,02
205325.0,31.0,1045.31,100.0,100,02
205325.0,31.0,1045.31,100.0,100,02
205325.0,15.0,1045.31,100.0,100,02
205325.0,15.0,1045.31,100.0,100,02
205486.0,15.0,1046.88,100.0,100,02
205486.0,15.0,1046.88,100.0,100,02
205486.0,67.0,1046.88,100.0,100,02
205486.0,67.0,1046.88,100.0,100,02
205673.0,67.0,1048.44,100.0,100,02
205673.0,67.0,1048.44,100.0,100,02
205673.0,20.0,1048.44,100.0,100,02
205673.0,20.0,1048.44,100.0,100,02
205752.0,20.0,1050.0,100.0,100,02
205752.0,20.0,1050.0,100.0,100,02
205752.0,43.0,1050.0,100.0,100,02
205752.0,43.0,1050.0,100.0,100,02
205965.0,43.0,1051.56,100.0,100,02
205965.0,43.0,1051.56,100.0,100,02
205965.0,60.0,1051.56,100.0,100,02
205965.0,60.0,1051.56,100.0,100,02
206081.0,60.0,1053.12,100.0,100,02
206081.0,60.0,1053.12,100.0,100,02
206081.0,0.0,1053.12,100.0,100,02
206081.0,0.0,1053.12,100.0,100,02
206255.0,0.0,1054.69,100.0,100,02
206255.0,0.0,1054.69,100.0,100,02
206255.0,29.0,1054.69,100.0,100,02
206255.0,29.0,1054.69,100.0,100,02
206475.0,29.0,1056.25,100.0,100,02
206475.0,29.0,1056.25,100.0,100,02
206475.0,16.0,1056.25,100.0,100,02
206475.0,16.0,1056.25,100.0,100,02
206611.0,16.0,1057.81,100.0,100,02
206611.0,16.0,1057.81,100.0,100,02
206611.0,48.0,1057.81,100.0,100,02
206611.0,48.0,1057.81,100.0,100,02
206837.0,48.0,1059.38,100.0,100,02
206837.0,48.0,1059.38,100.0,100,02
206837.0,56.0,1059.38,100.0,100,02
206837.0,56.0,1059.38,100.0,100,02
207017.0,56.0,1060.94,100.0,100,02
207017.0,56.0,1060.94,100.0,100,02
207017.0,54.0,1060.94,100.0,100,02
207017.0,54.0,1060.94,100.0,100,02
207246.0,54.0,1062.5,100.0,100,02
207246.0,54.0,1062.5,100.0,100,02
207246.0,38.0,1062.5,100.0,100,02
207246.0,38.0,1062.5,100.0,100,02
207401.0,38.0,1064.06,100.0,100,02
207401.0,38.0,1064.06,100.0,100,02
207401.0,39.0,1064.06,100.0,100,02
207401.0,39.0,1064.06,100.0,100,02
207591.0,39.0,1065.62,100.0,100,02
207591.0,39.0,1065.62,100.0,100,02
207591.0,14.0,1065.62,100.0,100,02
207591.0,14.0,1065.62,100.0,100,02
207696.0,14.0,1067.19,100.0,100,02
207696.0,14.0,1067.19,100.0,100,02
207696.0,31.0,1067.19,100.0,100,02
207696.0,31.0,1067.19,100.0,100,02
207891.0,31.0,1068.75,100.0,100,02
207891.0,31.0,1068.75,100.0,100,02
207891.0,53.0,1068.75,100.0,100,02
207891.0,53.0,1068.75,100.0,100,02
207988.0,53.0,1070.31,100.0,100,02
207988.0,53.0,1070.31,100.0,100,02
207988.0,54.0,1070.31,100.0,100,02
207988.0,54.0,1070.31,100.0,100,02
208177.0,54.0,1071.88,100.0,100,02
208177.0,54.0,1071.88,100.0,100,02
208177.0,19.0,1071.88,100.0,100,02
208177.0,19.0,1071.88,100.0,100,02
208294.0,19.0,1073.44,100.0,100,02
208294.0,19.0,1073.44,100.0,100,02
208294.0,37.0,1073.44,100.0,100,02
208294.0,37.0,1073.44,100.0,100,02
208436.0,37.0,1075.0,100.0,100,02
208436.0,37.0,1075.0,100.0,100,02
208436.0,54.0,1075.0,100.0,100,02
208436.0,54.0,1075.0,100.0,100,02
208644.0,54.0,1076.56,100.0,100,02
208644.0,54.0,1076.56,100.0,100,02
208644.0,53.0,1076.56,100.0,100,02
208644.0,53.0,1076.56,100.0,100,02
208809.0,53.0,1078.12,100.0,100,02
208809.0,53.0,1078.12,100.0,100,02
208809.0,41.0,1078.12,100.0,100,02
208809.0,41.0,1078.12,100.0,100,02
208985.0,41.0,1079.69,100.0,100,02
208985.0,41.0,1079.69,100.0,100,02
208985.0,46.0,1079.69,100.0,100,02
208985.0,46.0,1079.69,100.0,100,02
209151.0,46.0,1081.25,100.0,100,02
209151.0,46.0,1081.25,100.0,100,02
209151.0,64.0,1081.25,100.0,100,02
209151.0,64.0,1081.25,100.0,100,02
209275.0,64.0,1082.81,100.0,100,02
209275.0,64.0,1082.81,100.0,100,02
209275.0,40.0,1082.81,100.0,100,02
209275.0,40.0,1082.81,100.0,100,02
209390.0,40.0,1084.38,100.0,100,02
209390.0,40.0,1084.38,100.0,100,02
209390.0,24.0,1084.38,100.0,100,02
209390.0,24.0,1084.38,100.0,100,02
209535.0,24.0,1085.94,100.0,100,02
209535.0,24.0,1085.94,100.0,100,02
209535.0,33.0,1085.94,100.0,100,02
209535.0,33.0,1085.94,100.0,100,02
209656.0,33.0,1087.5,100.0,100,02
209656.0,33.0,1087.5,100.0,100,02
209656.0,49.0,1087.5,100.0,100,02
209656.0,49.0,1087.5,100.0,100,02
209800.0,49.0,1089.06,100.0,100,02
209800.0,49.0,1089.06,100.0,100,02
209800.0,41.0,1089.06,100.0,100,02
209800.0,41.0,1089.06,100.0,100,02
209976.0,41.0,1090.62,100.0,100,02
209976.0,41.0,1090.62,100.0,100,02
209976.0,55.0,1090.62,100.0,100,02
209976.0,55.0,1090.62,100.0,100,02
210118.0,55.0,1092.19,100.0,100,02
210118.0,55.0,1092.19,100.0,100,02
210118.0,60.0,1092.19,100.0,100,02
210118.0,60.0,1092.19,100.0,100,02
210252.0,60.0,1093.75,100.0,100,02
210252.0,60.0,1093.75,100.0,100,02
210252.0,46.0,1093.75,100.0,100,02
210252.0,46.0,1093.75,100.0,100,02
210410.0,46.0,1095.31,100.0,100,02
210410.0,46.0,1095.31,100.0,100,02
210410.0,71.0,1095.31,100.0,100,02
210410.0,71.0,1095.31,100.0,100,02
210575.0,71.0,1096.88,100.0,100,02
210575.0,71.0,1096.88,100.0,100,02
210575.0,43.0,1096.88,100.0,100,02
210575.0,43.0,1096.88,100.0,100,02
210777.0,43.0,1098.44,100.0,100,02
210777.0,43.0,1098.44,100.0,100,02
210777.0,40.0,1098.44,100.0,100,02
210777.0,40.0,1098.44,100.0,100,02
210919.0,40.0,1100.0,100.0,100,02
210919.0,40.0,1100.0,100.0,100,02
210919.0,23.0,1100.0,100.0,100,02
210919.0,23.0,1100.0,100.0,100,02
211016.0,23.0,1101.56,100.0,100,02
211016.0,23.0,1101.56,100.0,100,02
211016.0,36.0,1101.56,100.0,100,02
211016.0,36.0,1101.56,100.0,100,02
211138.0,36.0,1103.12,100.0,100,02
211138.0,36.0,1103.12,100.0,100,02
211138.0,65.0,1103.12,100.0,100,02
211138.0,65.0,1103.12,100.0,100,02
211283.0,65.0,1104.69,100.0,100,02
211283.0,65.0,1104.69,100.0,100,02
211283.0,31.0,1104.69,100.0,100,02
211283.0,31.0,1104.69,100.0,100,02
211390.0,31.0,1106.25,100.0,100,02
211390.0,31.0,1106.25,100.0,100,02
211390.0,33.0,1106.25,100.0,100,02
211390.0,33.0,1106.25,100.0,100,02
211522.0,33.0,1107.81,100.0,100,02
211522.0,33.0,1107.81,100.0,100,02
211522.0,48.0,1107.81,100.0,100,02
211522.0,48.0,1107.81,100.0,100,02
211711.0,48.0,1109.38,100.0,100,02
211711.0,48.0,1109.38,100.0,100,02
211711.0,55.0,1109.38,100.0,100,02
211711.0,55.0,1109.38,100.0,100,02
211955.0,55.0,1110.94,100.0,100,02
211955.0,55.0,1110.94,100.0,100,02
211955.0,10.0,1110.94,100.0,100,02
211955.0,10.0,1110.94,100.0,100,02
212108.0,10.0,1112.5,100.0,100,02
212108.0,10.0,1112.5,100.0,100,02
212108.0,25.0,1112.5,100.0,100,02
212108.0,25.0,1112.5,100.0,100,02
212258.0,25.0,1114.06,100.0,100,02
212258.0,25.0,1114.06,100.0,100,02
212258.0,20.0,1114.06,100.0,100,02
212258.0,20.0,1114.06,100.0,100,02
212363.0,20.0,1115.62,100.0,100,02
212363.0,20.0,1115.62,100.0,100,02
212363.0,50.0,1115.62,100.0,100,02
212363.0,50.0,1115.62,100.0,100,02
212505.0,50.0,1117.19,100.0,100,02
212505.0,50.0,1117.19,100.0,100,02
212505.0,74.0,1117.19,100.0,100,02
212505.0,74.0,1117.19,100.0,100,02
212635.0,74.0,1118.75,100.0,100,02
212635.0,74.0,1118.75,100.0,100,02
212635.0,62.0,1118.75,100.0,100,02
212635.0,62.0,1118.75,100.0,100,02
212773.0,62.0,1120.31,100.0,100,02
212773.0,62.0,1120.31,100.0,100,02
212773.0,53.0,1120.31,100.0,100,02
212773.0,53.0,1120.31,100.0,100,02
212926.0,53.0,1121.88,100.0,100,02
212926.0,53.0,1121.88,100.0,100,02
212926.0,52.0,1121.88,100.0,100,02
212926.0,52.0,1121.88,100.0,100,02
213096.0,52.0,1123.44,100.0,100,02
213096.0,52.0,1123.44,100.0,100,02
213096.0,76.0,1123.44,100.0,100,02
213096.0,76.0,1123.44,100.0,100,02
213314.0,76.0,1125.0,100.0,100,02
213314.0,76.0,1125.0,100.0,100,02
213314.0,56.0,1125.0,100.0,100,02
213314.0,56.0,1125.0,100.0,100,02
213548.0,56.0,1126.56,100.0,100,02
213548.0,56.0,1126.56,100.0,100,02
213548.0,80.0,1126.56,100.0,100,02
213548.0,80.0,1126.56,100.0,100,02
213636.0,80.0,1128.12,100.0,100,02
213636.0,80.0,1128.12,100.0,100,02
213636.0,43.0,1128.12,100.0,100,02
213636.0,43.0,1128.12,100.0,100,02
213805.0,43.0,1129.69,100.0,100,02
213805.0,43.0,1129.69,100.0,100,02
213805.0,51.0,1129.69,100.0,100,02
213805.0,51.0,1129.69,100.0,100,02
213988.0,51.0,1131.25,100.0,100,02
213988.0,51.0,1131.25,100.0,100,02
213988.0,60.0,1131.25,100.0,100,02
213988.0,60.0,1131.25,100.0,100,02
214131.0,60.0,1132.81,100.0,100,02
214131.0,60.0,1132.81,100.0,100,02
214131.0,75.0,1132.81,100.0,100,02
214131.0,75.0,1132.81,100.0,100,02
214240.0,75.0,1134.38,100.0,100,02
214240.0,75.0,1134.38,100.0,100,02
214240.0,47.0,1134.38,100.0,100,02
214240.0,47.0,1134.38,100.0,100,02
214393.0,47.0,1135.94,100.0,100,02
214393.0,47.0,1135.94,100.0,100,02
214393.0,56.0,1135.94,100.0,100,02
214393.0,56.0,1135.94,100.0,100,02
214558.0,56.0,1137.5,100.0,100,02
214558.0,56.0,1137.5,100.0,100,02
215334.0,13.0,1139.06,100.0,100,02
215334.0,13.0,1139.06,100.0,100,02
215334.0,10.0,1139.06,100.0,100,02
215334.0,10.0,1139.06,100.0,100,02
215963.0,10.0,1140.62,100.0,100,02
215963.0,10.0,1140.62,100.0,100,02
215963.0,48.0,1140.62,100.0,100,02
215963.0,48.0,1140.62,100.0,100,02
216453.0,48.0,1142.19,100.0,100,02
216453.0,48.0,1142.19,100.0,100,02
216453.0,39.0,1142.19,100.0,100,02
216453.0,39.0,1142.19,100.0,100,02
218117.0,39.0,1143.75,100.0,100,02
218117.0,39.0,1143.75,100.0,100,02
218117.0,34.0,1143.75,100.0,100,02
218117.0,34.0,1143.75,100.0,100,02
218546.0,34.0,1145.31,100.0,100,02
218546.0,34.0,1145.31,100.0,100,02
218546.0,44.0,1145.31,100.0,100,02
218546.0,44.0,1145.31,100.0,100,02
219382.0,44.0,1146.88,100.0,100,02
219382.0,44.0,1146.88,100.0,100,02
219382.0,136.0,1146.88,100.0,100,02
219382.0,136.0,1146.88,100.0,100,02
219972.0,136.0,1148.44,6.25,100,02
219972.0,136.0,1148.44,6.25,100,02
219972.0,102.0,1148.44,6.25,100,02
219972.0,102.0,1148.44,6.25,100,02
220401.0,102.0,1150.0,100.0,100,02
220401.0,102.0,1150.0,100.0,100,02
220401.0,54.0,1150.0,100.0,100,02
220401.0,54.0,1150.0,100.0,100,02
220974.0,54.0,1151.56,100.0,100,02
220974.0,54.0,1151.56,100.0,100,02
220974.0,45.0,1151.56,100.0,100,02
220974.0,45.0,1151.56,100.0,100,02
221302.0,45.0,1153.12,100.0,100,02
221302.0,45.0,1153.12,100.0,100,02
221302.0,33.0,1153.12,100.0,100,02
221302.0,33.0,1153.12,100.0,100,02
221676.0,33.0,1154.69,100.0,100,02
221676.0,33.0,1154.69,100.0,100,02
221676.0,52.0,1154.69,100.0,100,02
221676.0,52.0,1154.69,100.0,100,02
222140.0,52.0,1156.25,100.0,100,02
222140.0,52.0,1156.25,100.0,100,02
222140.0,34.0,1156.25,100.0,100,02
222140.0,34.0,1156.25,100.0,100,02
222587.0,34.0,1157.81,100.0,100,02
222587.0,34.0,1157.81,100.0,100,02
222587.0,30.0,1157.81,100.0,100,02
222587.0,30.0,1157.81,100.0,100,02
223015.0,30.0,1159.38,100.0,100,02
223015.0,30.0,1159.38,100.0,100,02
223015.0,54.0,1159.38,100.0,100,02
223015.0,54.0,1159.38,100.0,100,02
223463.0,54.0,1160.94,100.0,100,02
223463.0,54.0,1160.94,100.0,100,02
223463.0,49.0,1160.94,100.0,100,02
223463.0,49.0,1160.94,100.0,100,02
223891.0,49.0,1162.5,100.0,100,02
223891.0,49.0,1162.5,100.0,100,02
223891.0,51.0,1162.5,100.0,100,02
223891.0,51.0,1162.5,100.0,100,02
224431.0,51.0,1164.06,100.0,100,02
224431.0,51.0,1164.06,100.0,100,02
224431.0,25.0,1164.06,100.0,100,02
224431.0,25.0,1164.06,100.0,100,02
224600.0,25.0,1165.62,100.0,100,02
224600.0,25.0,1165.62,100.0,100,02
224600.0,42.0,1165.62,100.0,100,02
224600.0,42.0,1165.62,100.0,100,02
224927.0,42.0,1167.19,100.0,100,02
224927.0,42.0,1167.19,100.0,100,02
224927.0,32.0,1167.19,100.0,100,02
224927.0,32.0,1167.19,100.0,100,02
225169.0,32.0,1168.75,100.0,100,02
225169.0,32.0,1168.75,100.0,100,02
225169.0,25.0,1168.75,100.0,100,02
225169.0,25.0,1168.75,100.0,100,02
225412.0,25.0,1170.31,100.0,100,02
225412.0,25.0,1170.31,100.0,100,02
225412.0,26.0,1170.31,100.0,100,02
225412.0,26.0,1170.31,100.0,100,02
225685.0,26.0,1171.88,100.0,100,02
225685.0,26.0,1171.88,100.0,100,02
225685.0,37.0,1171.88,100.0,100,02
225685.0,37.0,1171.88,100.0,100,02
226219.0,37.0,1173.44,100.0,100,02
226219.0,37.0,1173.44,100.0,100,02
226219.0,28.0,1173.44,100.0,100,02
226219.0,28.0,1173.44,100.0,100,02
226452.0,28.0,1175.0,100.0,100,02
226452.0,28.0,1175.0,100.0,100,02
226452.0,0.0,1175.0,100.0,100,02
226452.0,0.0,1175.0,100.0,100,02
226717.0,0.0,1176.56,100.0,100,02
226717.0,0.0,1176.56,100.0,100,02
226717.0,53.0,1176.56,100.0,100,02
226717.0,53.0,1176.56,100.0,100,02
227097.0,53.0,1178.12,100.0,100,02
227097.0,53.0,1178.12,100.0,100,02
227097.0,36.0,1178.12,100.0,100,02
227097.0,36.0,1178.12,100.0,100,02
227482.0,36.0,1179.69,100.0,100,02
227482.0,36.0,1179.69,100.0,100,02
227482.0,52.0,1179.69,100.0,100,02
227482.0,52.0,1179.69,100.0,100,02
227899.0,52.0,1181.25,100.0,100,02
227899.0,52.0,1181.25,100.0,100,02
227899.0,50.0,1181.25,100.0,100,02
227899.0,50.0,1181.25,100.0,100,02
228372.0,50.0,1182.81,100.0,100,02
228372.0,50.0,1182.81,100.0,100,02
228372.0,44.0,1182.81,100.0,100,02
228372.0,44.0,1182.81,100.0,100,02
228555.0,44.0,1184.38,100.0,100,02
228555.0,44.0,1184.38,100.0,100,02
228555.0,33.0,1184.38,100.0,100,02
228555.0,33.0,1184.38,100.0,100,02
228912.0,33.0,1185.94,100.0,100,02
228912.0,33.0,1185.94,100.0,100,02
228912.0,28.0,1185.94,100.0,100,02
228912.0,28.0,1185.94,100.0,100,02
229074.0,28.0,1187.5,100.0,100,02
229074.0,28.0,1187.5,100.0,100,02
229074.0,23.0,1187.5,100.0,100,02
229074.0,23.0,1187.5,100.0,100,02
229408.0,23.0,1189.06,100.0,100,02
229408.0,23.0,1189.06,100.0,100,02
229408.0,17.0,1189.06,100.0,100,02
229408.0,17.0,1189.06,100.0,100,02
229548.0,17.0,1190.62,100.0,100,02
229548.0,17.0,1190.62,100.0,100,02
229548.0,48.0,1190.62,100.0,100,02
229548.0,48.0,1190.62,100.0,100,02
229698.0,48.0,1192.19,100.0,100,02
229698.0,48.0,1192.19,100.0,100,02
229698.0,49.0,1192.19,100.0,100,02
229698.0,49.0,1192.19,100.0,100,02
230043.0,49.0,1193.75,100.0,100,02
230043.0,49.0,1193.75,100.0,100,02
230043.0,39.0,1193.75,100.0,100,02
230043.0,39.0,1193.75,100.0,100,02
230280.0,39.0,1195.31,100.0,100,02
230280.0,39.0,1195.31,100.0,100,02
230280.0,44.0,1195.31,100.0,100,02
230280.0,44.0,1195.31,100.0,100,02
230503.0,44.0,1196.88,100.0,100,02
230503.0,44.0,1196.88,100.0,100,02
230503.0,27.0,1196.88,100.0,100,02
230503.0,27.0,1196.88,100.0,100,02
230699.0,27.0,1198.44,100.0,100,02
230699.0,27.0,1198.44,100.0,100,02
230699.0,54.0,1198.44,100.0,100,02
230699.0,54.0,1198.44,100.0,100,02
231090.0,54.0,1200.0,100.0,100,02
231090.0,54.0,1200.0,100.0,100,02
231090.0,26.0,1200.0,100.0,100,02
231090.0,26.0,1200.0,100.0,100,02
231363.0,26.0,1201.56,100.0,100,02
231363.0,26.0,1201.56,100.0,100,02
231363.0,45.0,1201.56,100.0,100,02
231363.0,45.0,1201.56,100.0,100,02
231963.0,45.0,1203.12,100.0,100,02
231963.0,45.0,1203.12,100.0,100,02
231963.0,23.0,1203.12,100.0,100,02
231963.0,23.0,1203.12,100.0,100,02
232236.0,23.0,1204.69,100.0,100,02
232236.0,23.0,1204.69,100.0,100,02
232236.0,52.0,1204.69,100.0,100,02
232236.0,52.0,1204.69,100.0,100,02
232514.0,52.0,1206.25,100.0,100,02
232514.0,52.0,1206.25,100.0,100,02
232514.0,37.0,1206.25,100.0,100,02
232514.0,37.0,1206.25,100.0,100,02
232780.0,37.0,1207.81,100.0,100,02
232780.0,37.0,1207.81,100.0,100,02
232780.0,36.0,1207.81,100.0,100,02
232780.0,36.0,1207.81,100.0,100,02
232978.0,36.0,1209.38,100.0,100,02
232978.0,36.0,1209.38,100.0,100,02
232978.0,37.0,1209.38,100.0,100,02
232978.0,37.0,1209.38,100.0,100,02
233268.0,37.0,1210.94,100.0,100,02
233268.0,37.0,1210.94,100.0,100,02
233268.0,48.0,1210.94,100.0,100,02
233268.0,48.0,1210.94,100.0,100,02
233487.0,48.0,1212.5,100.0,100,02
233487.0,48.0,1212.5,100.0,100,02
233487.0,63.0,1212.5,100.0,100,02
233487.0,63.0,1212.5,100.0,100,02
233695.0,63.0,1214.06,100.0,100,02
233695.0,63.0,1214.06,100.0,100,02
233695.0,67.0,1214.06,100.0,100,02
233695.0,67.0,1214.06,100.0,100,02
233981.0,67.0,1215.62,100.0,100,02
233981.0,67.0,1215.62,100.0,100,02
233981.0,60.0,1215.62,100.0,100,02
233981.0,60.0,1215.62,100.0,100,02
234185.0,60.0,1217.19,100.0,100,02
234185.0,60.0,1217.19,100.0,100,02
234185.0,0.0,1217.19,100.0,100,02
234185.0,0.0,1217.19,100.0,100,02
234417.0,0.0,1218.75,100.0,100,02
234417.0,0.0,1218.75,100.0,100,02
234417.0,32.0,1218.75,100.0,100,02
234417.0,32.0,1218.75,100.0,100,02
234658.0,32.0,1220.31,100.0,100,02
234658.0,32.0,1220.31,100.0,100,02
234658.0,26.0,1220.31,100.0,100,02
234658.0,26.0,1220.31,100.0,100,02
234768.0,26.0,1221.88,100.0,100,02
234768.0,26.0,1221.88,100.0,100,02
234768.0,47.0,1221.88,100.0,100,02
234768.0,47.0,1221.88,100.0,100,02
235022.0,47.0,1223.44,100.0,100,02
235022.0,47.0,1223.44,100.0,100,02
235022.0,36.0,1223.44,100.0,100,02
235022.0,36.0,1223.44,100.0,100,02
235194.0,36.0,1225.0,100.0,100,02
235194.0,36.0,1225.0,100.0,100,02
235194.0,27.0,1225.0,100.0,100,02
235194.0,27.0,1225.0,100.0,100,02
235347.0,27.0,1226.56,100.0,100,02
235347.0,27.0,1226.56,100.0,100,02
235347.0,32.0,1226.56,100.0,100,02
235347.0,32.0,1226.56,100.0,100,02
235496.0,32.0,1228.12,100.0,100,02
235496.0,32.0,1228.12,100.0,100,02
235496.0,43.0,1228.12,100.0,100,02
235496.0,43.0,1228.12,100.0,100,02
235695.0,43.0,1229.69,100.0,100,02
235695.0,43.0,1229.69,100.0,100,02
235695.0,28.0,1229.69,100.0,100,02
235695.0,28.0,1229.69,100.0,100,02
235916.0,28.0,1231.25,100.0,100,02
235916.0,28.0,1231.25,100.0,100,02
235916.0,19.0,1231.25,100.0,100,02
235916.0,19.0,1231.25,100.0,100,02
236125.0,19.0,1232.81,100.0,100,02
236125.0,19.0,1232.81,100.0,100,02
236125.0,84.0,1232.81,100.0,100,02
236125.0,84.0,1232.81,100.0,100,02
236314.0,84.0,1234.38,100.0,100,02
236314.0,84.0,1234.38,100.0,100,02
236314.0,22.0,1234.38,100.0,100,02
236314.0,22.0,1234.38,100.0,100,02
236444.0,22.0,1235.94,100.0,100,02
236444.0,22.0,1235.94,100.0,100,02
236444.0,32.0,1235.94,100.0,100,02
236444.0,32.0,1235.94,100.0,100,02
236635.0,32.0,1237.5,100.0,100,02
236635.0,32.0,1237.5,100.0,100,02
236635.0,30.0,1237.5,100.0,100,02
236635.0,30.0,1237.5,100.0,100,02
236834.0,30.0,1239.06,100.0,100,02
236834.0,30.0,1239.06,100.0,100,02
236834.0,30.0,1239.06,100.0,100,02
236834.0,30.0,1239.06,100.0,100,02
237111.0,30.0,1240.62,100.0,100,02
237111.0,30.0,1240.62,100.0,100,02
237111.0,55.0,1240.62,100.0,100,02
237111.0,55.0,1240.62,100.0,100,02
237317.0,55.0,1242.19,100.0,100,02
237317.0,55.0,1242.19,100.0,100,02
237317.0,46.0,1242.19,100.0,100,02
237317.0,46.0,1242.19,100.0,100,02
237532.0,46.0,1243.75,100.0,100,02
237532.0,46.0,1243.75,100.0,100,02
237532.0,29.0,1243.75,100.0,100,02
237532.0,29.0,1243.75,100.0,100,02
237739.0,29.0,1245.31,100.0,100,02
237739.0,29.0,1245.31,100.0,100,02
237739.0,21.0,1245.31,100.0,100,02
237739.0,21.0,1245.31,100.0,100,02
237930.0,21.0,1246.88,100.0,100,02
237930.0,21.0,1246.88,100.0,100,02
237930.0,24.0,1246.88,100.0,100,02
237930.0,24.0,1246.88,100.0,100,02
238107.0,24.0,1248.44,100.0,100,02
238107.0,24.0,1248.44,100.0,100,02
238107.0,34.0,1248.44,100.0,100,02
238107.0,34.0,1248.44,100.0,100,02
238271.0,34.0,1250.0,100.0,100,02
238271.0,34.0,1250.0,100.0,100,02
238271.0,40.0,1250.0,100.0,100,02
238271.0,40.0,1250.0,100.0,100,02
238471.0,40.0,1251.56,100.0,100,02
238471.0,40.0,1251.56,100.0,100,02
238471.0,40.0,1251.56,100.0,100,02
238471.0,40.0,1251.56,100.0,100,02
238639.0,40.0,1253.12,100.0,100,02
238639.0,40.0,1253.12,100.0,100,02
238639.0,49.0,1253.12,100.0,100,02
238639.0,49.0,1253.12,100.0,100,02
238812.0,49.0,1254.69,100.0,100,02
238812.0,49.0,1254.69,100.0,100,02
238812.0,44.0,1254.69,100.0,100,02
238812.0,44.0,1254.69,100.0,100,02
239118.0,44.0,1256.25,100.0,100,02
239118.0,44.0,1256.25,100.0,100,02
239118.0,40.0,1256.25,100.0,100,02
239118.0,40.0,1256.25,100.0,100,02
239257.0,40.0,1257.81,100.0,100,02
239257.0,40.0,1257.81,100.0,100,02
239257.0,43.0,1257.81,100.0,100,02
239257.0,43.0,1257.81,100.0,100,02
239595.0,43.0,1259.38,100.0,100,02
239595.0,43.0,1259.38,100.0,100,02
239595.0,30.0,1259.38,100.0,100,02
239595.0,30.0,1259.38,100.0,100,02
239780.0,30.0,1260.94,100.0,100,02
239780.0,30.0,1260.94,100.0,100,02
239780.0,66.0,1260.94,100.0,100,02
239780.0,66.0,1260.94,100.0,100,02
240066.0,66.0,1262.5,100.0,100,02
240066.0,66.0,1262.5,100.0,100,02
240066.0,33.0,1262.5,100.0,100,02
240066.0,33.0,1262.5,100.0,100,02
240296.0,33.0,1264.06,100.0,100,02
240296.0,33.0,1264.06,100.0,100,02
240296.0,53.0,1264.06,100.0,100,02
240296.0,53.0,1264.06,100.0,100,02
240497.0,53.0,1265.62,100.0,100,02
240497.0,53.0,1265.62,100.0,100,02
240497.0,60.0,1265.62,100.0,100,02
240497.0,60.0,1265.62,100.0,100,02
240678.0,60.0,1267.19,100.0,100,02
240678.0,60.0,1267.19,100.0,100,02
240678.0,46.0,1267.19,100.0,100,02
240678.0,46.0,1267.19,100.0,100,02
240868.0,46.0,1268.75,100.0,100,02
240868.0,46.0,1268.75,100.0,100,02
240868.0,32.0,1268.75,100.0,100,02
240868.0,32.0,1268.75,100.0,100,02
241056.0,32.0,1270.31,100.0,100,02
241056.0,32.0,1270.31,100.0,100,02
241056.0,79.0,1270.31,100.0,100,02
241056.0,79.0,1270.31,100.0,100,02
241196.0,79.0,1271.88,100.0,100,02
241196.0,79.0,1271.88,100.0,100,02
241196.0,27.0,1271.88,100.0,100,02
241196.0,27.0,1271.88,100.0,100,02
241325.0,27.0,1273.44,100.0,100,02
241325.0,27.0,1273.44,100.0,100,02
241325.0,63.0,1273.44,100.0,100,02
241325.0,63.0,1273.44,100.0,100,02
241566.0,63.0,1275.0,100.0,100,02
241566.0,63.0,1275.0,100.0,100,02
241566.0,63.0,1275.0,100.0,100,02
241566.0,63.0,1275.0,100.0,100,02
241840.0,63.0,1276.56,100.0,100,02
241840.0,63.0,1276.56,100.0,100,02
241840.0,0.0,1276.56,100.0,100,02
241840.0,0.0,1276.56,100.0,100,02
242023.0,0.0,1278.12,100.0,100,02
242023.0,0.0,1278.12,100.0,100,02
242023.0,55.0,1278.12,100.0,100,02
242023.0,55.0,1278.12,100.0,100,02
242298.0,55.0,1279.69,100.0,100,02
242298.0,55.0,1279.69,100.0,100,02
242298.0,63.0,1279.69,100.0,100,02
242298.0,63.0,1279.69,100.0,100,02
242469.0,63.0,1281.25,100.0,100,02
242469.0,63.0,1281.25,100.0,100,02
242469.0,61.0,1281.25,100.0,100,02
242469.0,61.0,1281.25,100.0,100,02
242694.0,61.0,1282.81,100.0,100,02
242694.0,61.0,1282.81,100.0,100,02
242694.0,66.0,1282.81,100.0,100,02
242694.0,66.0,1282.81,100.0,100,02
243006.0,66.0,1284.38,100.0,100,02
243006.0,66.0,1284.38,100.0,100,02
243006.0,38.0,1284.38,100.0,100,02
243006.0,38.0,1284.38,100.0,100,02
243222.0,38.0,1285.94,100.0,100,02
243222.0,38.0,1285.94,100.0,100,02
243222.0,46.0,1285.94,100.0,100,02
243222.0,46.0,1285.94,100.0,100,02
243378.0,46.0,1287.5,100.0,100,02
243378.0,46.0,1287.5,100.0,100,02
243378.0,58.0,1287.5,100.0,100,02
243378.0,58.0,1287.5,100.0,100,02
243538.0,58.0,1289.06,100.0,100,02
243538.0,58.0,1289.06,100.0,100,02
243538.0,56.0,1289.06,100.0,100,02
243538.0,56.0,1289.06,100.0,100,02
243731.0,56.0,1290.62,100.0,100,02
243731.0,56.0,1290.62,100.0,100,02
243731.0,36.0,1290.62,100.0,100,02
243731.0,36.0,1290.62,100.0,100,02
243997.0,36.0,1292.19,100.0,100,02
243997.0,36.0,1292.19,100.0,100,02
243997.0,46.0,1292.19,100.0,100,02
243997.0,46.0,1292.19,100.0,100,02
244326.0,46.0,1293.75,100.0,100,02
244326.0,46.0,1293.75,100.0,100,02
244326.0,22.0,1293.75,100.0,100,02
244326.0,22.0,1293.75,100.0,100,02
244508.0,22.0,1295.31,100.0,100,02
244508.0,22.0,1295.31,100.0,100,02
244508.0,42.0,1295.31,100.0,100,02
244508.0,42.0,1295.31,100.0,100,02
244708.0,42.0,1296.88,100.0,100,02
244708.0,42.0,1296.88,100.0,100,02
244708.0,42.0,1296.88,100.0,100,02
244708.0,42.0,1296.88,100.0,100,02
244941.0,42.0,1298.44,100.0,100,02
244941.0,42.0,1298.44,100.0,100,02
244941.0,35.0,1298.44,100.0,100,02
244941.0,35.0,1298.44,100.0,100,02
245137.0,35.0,1300.0,100.0,100,02
245137.0,35.0,1300.0,100.0,100,02
245137.0,32.0,1300.0,100.0,100,02
245137.0,32.0,1300.0,100.0,100,02
245300.0,32.0,1301.56,100.0,100,02
245300.0,32.0,1301.56,100.0,100,02
245300.0,84.0,1301.56,100.0,100,02
245300.0,84.0,1301.56,100.0,100,02
245452.0,84.0,1303.12,100.0,100,02
245452.0,84.0,1303.12,100.0,100,02
245452.0,29.0,1303.12,100.0,100,02
245452.0,29.0,1303.12,100.0,100,02
245685.0,29.0,1304.69,100.0,100,02
245685.0,29.0,1304.69,100.0,100,02
245685.0,53.0,1304.69,100.0,100,02
245685.0,53.0,1304.69,100.0,100,02
245870.0,53.0,1306.25,100.0,100,02
245870.0,53.0,1306.25,100.0,100,02
245870.0,52.0,1306.25,100.0,100,02
245870.0,52.0,1306.25,100.0,100,02
246037.0,52.0,1307.81,100.0,100,02
246037.0,52.0,1307.81,100.0,100,02
246037.0,56.0,1307.81,100.0,100,02
246037.0,56.0,1307.81,100.0,100,02
246204.0,56.0,1309.38,100.0,100,02
246204.0,56.0,1309.38,100.0,100,02
246204.0,45.0,1309.38,100.0,100,02
246204.0,45.0,1309.38,100.0,100,02
246368.0,45.0,1310.94,100.0,100,02
246368.0,45.0,1310.94,100.0,100,02
246368.0,41.0,1310.94,100.0,100,02
246368.0,41.0,1310.94,100.0,100,02
246591.0,41.0,1312.5,100.0,100,02
246591.0,41.0,1312.5,100.0,100,02
246591.0,128.0,1312.5,100.0,100,02
246591.0,128.0,1312.5,100.0,100,02
246806.0,128.0,1314.06,100.0,100,02
246806.0,128.0,1314.06,100.0,100,02
246806.0,53.0,1314.06,100.0,100,02
246806.0,53.0,1314.06,100.0,100,02
247032.0,53.0,1315.62,100.0,100,02
247032.0,53.0,1315.62,100.0,100,02
247032.0,43.0,1315.62,100.0,100,02
247032.0,43.0,1315.62,100.0,100,02
247333.0,43.0,1317.19,100.0,100,02
247333.0,43.0,1317.19,100.0,100,02
247333.0,64.0,1317.19,100.0,100,02
247333.0,64.0,1317.19,100.0,100,02
247598.0,64.0,1318.75,100.0,100,02
247598.0,64.0,1318.75,100.0,100,02
247598.0,33.0,1318.75,100.0,100,02
247598.0,33.0,1318.75,100.0,100,02
247747.0,33.0,1320.31,100.0,100,02
247747.0,33.0,1320.31,100.0,100,02
247747.0,56.0,1320.31,100.0,100,02
247747.0,56.0,1320.31,100.0,100,02
247964.0,56.0,1321.88,100.0,100,02
247964.0,56.0,1321.88,100.0,100,02
247964.0,118.0,1321.88,100.0,100,02
247964.0,118.0,1321.88,100.0,100,02
248289.0,118.0,1323.44,100.0,100,02
248289.0,118.0,1323.44,100.0,100,02
248289.0,92.0,1323.44,100.0,100,02
248289.0,92.0,1323.44,100.0,100,02
248397.0,92.0,1325.0,100.0,100,02
248397.0,92.0,1325.0,100.0,100,02
248397.0,50.0,1325.0,100.0,100,02
248397.0,50.0,1325.0,100.0,100,02
248720.0,50.0,1326.56,100.0,100,02
248720.0,50.0,1326.56,100.0,100,02
248720.0,54.0,1326.56,100.0,100,02
248720.0,54.0,1326.56,100.0,100,02
248911.0,54.0,1328.12,100.0,100,02
248911.0,54.0,1328.12,100.0,100,02
248911.0,78.0,1328.12,100.0,100,02
248911.0,78.0,1328.12,100.0,100,02
249126.0,78.0,1329.69,100.0,100,02
249126.0,78.0,1329.69,100.0,100,02
